Add data point: (-0.1941442686565551, 2.056539291607633):
Posterior mean:
  0.5091562064881103
  -0.0988497593405801
  0.019191114234053407
Posterior variance:
  0.75242087, 0.04806607, -0.00933175
  0.04806607, 0.99066825, 0.00181171
  -0.00933175, 0.00181171, 0.99964827
Predictive distribution ~ N(0.52907, 3.77179)

Add data point: (0.6619606895985064, 3.4419296004025046):
Posterior mean:
  1.0350868566529245
  0.376179057650491
  0.3090078323921717
Posterior variance:
  0.61518601, -0.07588661, -0.08495571
  -0.07588661, 0.87871224, -0.06649304
  -0.08495571, -0.06649304, 0.95797531
Predictive distribution ~ N(1.41951, 3.97068)

Add data point: (-0.7440198709250267, 3.052622711564485):
Posterior mean:
  1.3322953353446594
  0.011472273870294706
  0.5444543537716031
Posterior variance:
  0.52788115, 0.03124584, -0.15411802
  0.03124584, 0.74724920, 0.01837656
  -0.15411802, 0.01837656, 0.90318540
Predictive distribution ~ N(1.62515, 3.98604)

Add data point: (0.7178553681628592, 3.50892848427814):
Posterior mean:
  1.5516621274632154
  0.2803317830563165
  0.6956239524614831
Posterior variance:
  0.47316336, -0.03581718, -0.19182504
  -0.03581718, 0.66505566, -0.02783778
  -0.19182504, -0.02783778, 0.87720082
Predictive distribution ~ N(2.11137, 3.77910)

Add data point: (0.7601102414022465, 3.1261106870374675):
Posterior mean:
  1.635181338736346
  0.3933864776733202
  0.7688562450978631
Posterior variance:
  0.44399272, -0.07530364, -0.21740278
  -0.07530364, 0.61160533, -0.06246076
  -0.21740278, -0.06246076, 0.85477344
Predictive distribution ~ N(2.37842, 3.66214)

Add data point: (0.656989817853354, 3.243378856208544):
Posterior mean:
  1.7215115592688544
  0.4793935030612058
  0.8005859973797459
Posterior variance:
  0.41849092, -0.10070996, -0.22677569
  -0.10070996, 0.58629412, -0.07179858
  -0.22677569, -0.07179858, 0.85132853
Predictive distribution ~ N(2.38203, 3.46135)

Add data point: (-0.9087003327438097, 2.999451139005128):
Posterior mean:
  1.7987254334922542
  0.3136584179292171
  0.9301191658555421
Posterior variance:
  0.39481310, -0.04988689, -0.26649736
  -0.04988689, 0.47720535, 0.01346166
  -0.26649736, 0.01346166, 0.78469188
Predictive distribution ~ N(2.28174, 3.95424)

Add data point: (0.4762368253481135, 1.6402091822365248):
Posterior mean:
  1.7510155790594184
  0.2859447096541033
  0.9427322691175506
Posterior variance:
  0.36625095, -0.06647807, -0.25894635
  -0.06647807, 0.46756787, 0.01784789
  -0.25894635, 0.01784789, 0.78269562
Predictive distribution ~ N(2.10101, 3.33564)

Add data point: (-0.7051439135256856, 2.4090437645972997):
Posterior mean:
  1.7817578287683136
  0.2440747060712555
  0.9554505176770157
Posterior variance:
  0.34388699, -0.03601904, -0.26819846
  -0.03601904, 0.42608360, 0.03044897
  -0.26819846, 0.03044897, 0.77886797
Predictive distribution ~ N(2.08473, 3.51105)

Add data point: (-0.6042687665121862, 1.8124299073003916):
Posterior mean:
  1.7684622405596142
  0.2580977370719795
  0.9555598429381515
Posterior variance:
  0.32303634, -0.01402758, -0.26802701
  -0.01402758, 0.40288892, 0.03026814
  -0.26802701, 0.03026814, 0.77886656
Predictive distribution ~ N(1.96142, 3.38185)

Add data point: (-0.20172344825056854, 0.2887766866632103):
Posterior mean:
  1.629509208740421
  0.2995984526949353
  1.0625184564135084
Posterior variance:
  0.29319358, -0.00511453, -0.24505565
  -0.00511453, 0.40022688, 0.02340735
  -0.24505565, 0.02340735, 0.76118444
Predictive distribution ~ N(1.61231, 3.29248)

Add data point: (-0.4681795339719008, 0.7652072840286808):
Posterior mean:
  1.5595837079102066
  0.3537645902695071
  1.088297099775304
Posterior variance:
  0.27551923, 0.00857649, -0.23853984
  0.00857649, 0.38962146, 0.01836004
  -0.23853984, 0.01836004, 0.75878233
Predictive distribution ~ N(1.63250, 3.28101)

Add data point: (0.7920598879468888, 6.080744801599281):
Posterior mean:
  1.6925104555958792
  0.6831183239072369
  1.3408308429070321
Posterior variance:
  0.27056326, -0.00370296, -0.24795518
  -0.00370296, 0.35919656, -0.00496841
  -0.24795518, -0.00496841, 0.74089511
Predictive distribution ~ N(3.07476, 3.46559)

Add data point: (0.09324013215662919, 1.2498560915826904):
Posterior mean:
  1.6500298590481437
  0.6784044888089523
  1.379177668914371
Posterior variance:
  0.24857999, -0.00614232, -0.22811109
  -0.00614232, 0.35892588, -0.00276643
  -0.22811109, -0.00276643, 0.72298205
Predictive distribution ~ N(1.72527, 3.24664)

Add data point: (0.09095989249916325, -0.1735846806129544):
Posterior mean:
  1.5062377016440125
  0.6629332477038995
  1.5090932720457522
Posterior variance:
  0.22992047, -0.00814998, -0.21125229
  -0.00814998, 0.35870987, -0.00095251
  -0.21125229, -0.00095251, 0.70775019
Predictive distribution ~ N(1.57902, 3.22796)

Add data point: (0.2100028281027677, 0.5614057837689238):
Posterior mean:
  1.4281431615230509
  0.6389803036315859
  1.5733976145186108
Posterior variance:
  0.21506364, -0.01270683, -0.19901893
  -0.01270683, 0.35731220, 0.00279967
  -0.19901893, 0.00279967, 0.69767704
Predictive distribution ~ N(1.63172, 3.20934)

Add data point: (0.6467574009712429, 5.495832185974675):
Posterior mean:
  1.540188618252492
  0.8380190370328374
  1.659180536836934
Posterior variance:
  0.21044175, -0.02091719, -0.20255748
  -0.02091719, 0.34272723, -0.00348625
  -0.20255748, -0.00348625, 0.69496790
Predictive distribution ~ N(2.77621, 3.27700)

Add data point: (0.34430765869313085, 1.9535550400844883):
Posterior mean:
  1.53616137237328
  0.8358467843421218
  1.6619077510539553
Posterior variance:
  0.20039763, -0.02633488, -0.19575570
  -0.02633488, 0.33980499, 0.00018256
  -0.19575570, 0.00018256, 0.69036179
Predictive distribution ~ N(2.02097, 3.18585)

Add data point: (0.6989830879043171, 6.19883068261734):
Posterior mean:
  1.621548039357126
  1.0447664174251334
  1.8019972645336497
Posterior variance:
  0.19814045, -0.03185763, -0.19945894
  -0.03185763, 0.32629220, -0.00887834
  -0.19945894, -0.00887834, 0.68428607
Predictive distribution ~ N(3.23224, 3.27540)

Add data point: (-0.20962396511336467, -1.3497394336175246):
Posterior mean:
  1.4486023416791494
  1.1335499941122678
  1.9497800000094523
Posterior variance:
  0.18616548, -0.02571015, -0.18922628
  -0.02571015, 0.32313632, -0.01413139
  -0.18922628, -0.01413139, 0.67554223
Predictive distribution ~ N(1.29666, 3.19608)

Add data point: (0.45907459322651456, 1.288460855973994):
Posterior mean:
  1.4024184027497364
  1.0924582264584288
  1.9680990941699403
Posterior variance:
  0.18047487, -0.03077333, -0.18696907
  -0.03077333, 0.31863140, -0.01212305
  -0.18696907, -0.01212305, 0.67464689
Predictive distribution ~ N(2.31871, 3.16818)

Add data point: (-0.081325438859424, -1.574667232323768):
Posterior mean:
  1.2368763874130453
  1.1441648751160187
  2.1334409203903477
Posterior variance:
  0.17010497, -0.02753431, -0.17661171
  -0.02753431, 0.31761971, -0.01535815
  -0.17661171, -0.01535815, 0.66430206
Predictive distribution ~ N(1.15794, 3.17439)

Add data point: (0.0441014019327004, 2.789057404713074):
Posterior mean:
  1.3165616431046698
  1.1377555729689537
  2.0502335513467855
Posterior variance:
  0.16113663, -0.02681296, -0.16724698
  -0.02681296, 0.31756169, -0.01611138
  -0.16724698, -0.01611138, 0.65452340
Predictive distribution ~ N(1.37073, 3.15874)

Add data point: (0.443195128925884, 1.2900858886331596):
Posterior mean:
  1.2821392826629923
  1.1050005015278175
  2.063784788296584
Posterior variance:
  0.15684405, -0.03089763, -0.16555709
  -0.03089763, 0.31367487, -0.01450335
  -0.16555709, -0.01450335, 0.65385813
Predictive distribution ~ N(2.17724, 3.14873)

Add data point: (-0.28330654490583695, -0.10659259919014796):
Posterior mean:
  1.222644070573509
  1.1522373932488217
  2.1063498591682666
Posterior variance:
  0.14954403, -0.02510169, -0.16033439
  -0.02510169, 0.30907312, -0.01864998
  -0.16033439, -0.01864998, 0.65012162
Predictive distribution ~ N(1.06527, 3.16787)

Add data point: (-0.7716976657030306, 0.30271320164668225):
Posterior mean:
  1.1951235079034792
  1.2551940853064345
  2.0159489867451255
Posterior variance:
  0.14797148, -0.01921864, -0.16549998
  -0.01921864, 0.28706414, 0.00067495
  -0.16549998, 0.00067495, 0.63315341
Predictive distribution ~ N(1.42703, 3.37539)

Add data point: (-0.19546624337714857, 2.9484206819220313):
Posterior mean:
  1.2836933411891072
  1.2093243447492574
  1.929793617040969
Posterior variance:
  0.14126960, -0.01574778, -0.15898080
  -0.01574778, 0.28526661, -0.00270129
  -0.15898080, -0.00270129, 0.62681194
Predictive distribution ~ N(1.12104, 3.14713)

Add data point: (-0.6814918644058989, 0.7730321113142415):
Posterior mean:
  1.2698240940877927
  1.2468353959192073
  1.9060226713184392
Posterior variance:
  0.13940935, -0.01071651, -0.16216914
  -0.01071651, 0.27165894, 0.00592196
  -0.16216914, 0.00592196, 0.62134734
Predictive distribution ~ N(1.30533, 3.25982)

Add data point: (-0.3254205004669528, -0.7069907059397772):
Posterior mean:
  1.1990040657495482
  1.3023164694723144
  1.9613931935727573
Posterior variance:
  0.13438726, -0.00678216, -0.15824263
  -0.00678216, 0.26857673, 0.00284590
  -0.15824263, 0.00284590, 0.61827741
Predictive distribution ~ N(0.98291, 3.14047)

Add data point: (-0.7193954434535754, -1.4940782022405596):
Posterior mean:
  1.1505728966112565
  1.46990384875971
  1.8265894775907958
Posterior variance:
  0.13338464, -0.00331277, -0.16103334
  -0.00331277, 0.25657152, 0.01250263
  -0.16103334, 0.01250263, 0.61050974
Predictive distribution ~ N(1.03845, 3.25846)

Add data point: (-0.9810191223741238, 1.0489115258116115):
Posterior mean:
  1.1526895893408855
  1.4979416744348364
  1.7787883311532398
Posterior variance:
  0.13329165, -0.00454448, -0.15893342
  -0.00454448, 0.24025624, 0.04031823
  -0.15893342, 0.04031823, 0.56308746
Predictive distribution ~ N(1.39508, 3.51292)

Add data point: (-0.15975959318716493, -2.4377189421934844):
Posterior mean:
  1.0117891601697895
  1.5433670847553178
  1.9425015976516173
Posterior variance:
  0.12790034, -0.00280635, -0.15266921
  -0.00280635, 0.23969588, 0.03829869
  -0.15266921, 0.03829869, 0.55580903
Predictive distribution ~ N(0.81480, 3.12717)

Add data point: (0.37720187031728325, 1.9460454116651218):
Posterior mean:
  1.014330509770693
  1.5456167964526737
  1.941071803742276
Posterior variance:
  0.12437197, -0.00592982, -0.15068411
  -0.00592982, 0.23693086, 0.04005599
  -0.15068411, 0.04005599, 0.55469219
Predictive distribution ~ N(1.87352, 3.12626)

Add data point: (0.34324822187714554, 0.7122667470202033):
Posterior mean:
  0.9787974068656385
  1.5183967348884322
  1.9653923052102558
Posterior variance:
  0.12087042, -0.00861218, -0.14828749
  -0.00861218, 0.23487604, 0.04189192
  -0.14828749, 0.04189192, 0.55305183
Predictive distribution ~ N(1.73155, 3.11875)

Add data point: (0.9041037566005845, 5.342306849287239):
Posterior mean:
  0.9755708166710833
  1.6128854419293517
  2.1010425506859822
Posterior variance:
  0.12085147, -0.00805744, -0.14749109
  -0.00805744, 0.21863082, 0.01856989
  -0.14749109, 0.01856989, 0.51957016
Predictive distribution ~ N(4.15119, 3.41847)

Add data point: (-0.08268102840844338, 2.7501418958847452):
Posterior mean:
  1.04867031048807
  1.5971098544412978
  2.0127994758702754
Posterior variance:
  0.11619930, -0.00705345, -0.14187516
  -0.00705345, 0.21841415, 0.01735791
  -0.14187516, 0.01735791, 0.51279081
Predictive distribution ~ N(0.93038, 3.11692)

Add data point: (0.17741763776081698, 1.871862465703978):
Posterior mean:
  1.0655844169235393
  1.6020461211596593
  1.99402186141655
Posterior variance:
  0.11227740, -0.00819803, -0.13752116
  -0.00819803, 0.21808011, 0.01862860
  -0.13752116, 0.01862860, 0.50795711
Predictive distribution ~ N(1.41258, 3.10829)

Add data point: (0.6539603285940756, 3.250459768642613):
Posterior mean:
  1.069886230717935
  1.6147793620983797
  2.002240009364732
Posterior variance:
  0.11154987, -0.01035151, -0.13891104
  -0.01035151, 0.21170588, 0.01451461
  -0.13891104, 0.01451461, 0.50530191
Predictive distribution ~ N(2.98217, 3.17027)

Add data point: (0.40506974377349625, 6.068327756137769):
Posterior mean:
  1.1791558390916024
  1.7152903263147155
  1.9374761788064991
Posterior variance:
  0.10924890, -0.01246805, -0.13754725
  -0.01246805, 0.20975900, 0.01576908
  -0.13754725, 0.01576908, 0.50449360
Predictive distribution ~ N(2.19187, 3.10411)

Add data point: (0.6866941367138939, 2.4768542638365467):
Posterior mean:
  1.170223088257508
  1.6806313314033619
  1.9097569229337497
Posterior variance:
  0.10884573, -0.01403233, -0.13879833
  -0.01403233, 0.20368958, 0.01091493
  -0.13879833, 0.01091493, 0.50061140
Predictive distribution ~ N(3.22485, 3.17311)

Add data point: (-0.44364623401952175, 2.5923471121045996):
Posterior mean:
  1.2205519270172478
  1.6219876720685076
  1.8838852891265365
Posterior variance:
  0.10638096, -0.01116036, -0.13753131
  -0.01116036, 0.20034313, 0.00943859
  -0.13753131, 0.00943859, 0.49996008
Predictive distribution ~ N(0.87175, 3.11930)

Add data point: (0.24265201892466592, 3.393577767575884):
Posterior mean:
  1.2720173889041109
  1.6424548697515717
  1.826912054040234
Posterior variance:
  0.10343296, -0.01233275, -0.13426781
  -0.01233275, 0.19987689, 0.01073644
  -0.13426781, 0.01073644, 0.49634733
Predictive distribution ~ N(1.77813, 3.09543)

Add data point: (0.48184509706998524, 0.6069776026190437):
Posterior mean:
  1.2318480653446604
  1.5900786473769486
  1.835304405868578
Posterior variance:
  0.10201645, -0.01417972, -0.13397187
  -0.01417972, 0.19746865, 0.01112232
  -0.13397187, 0.01112232, 0.49628550
Predictive distribution ~ N(2.42413, 3.10123)

Add data point: (-0.18893589963733626, 0.9111340412376332):
Posterior mean:
  1.2290873057575245
  1.5914903898632964
  1.838574811966344
Posterior variance:
  0.09880178, -0.01253586, -0.13016376
  -0.01253586, 0.19662805, 0.00917501
  -0.13016376, 0.00917501, 0.49177441
Predictive distribution ~ N(0.99403, 3.10177)

Add data point: (0.5546615117938762, 4.006724342609499):
Posterior mean:
  1.2511936964252053
  1.6338857984959714
  1.8497634723538434
Posterior variance:
  0.09794026, -0.01418809, -0.13059981
  -0.01418809, 0.19345943, 0.00833877
  -0.13059981, 0.00833877, 0.49155371
Predictive distribution ~ N(2.72653, 3.11073)

Add data point: (0.023115224432289194, -0.554727392062168):
Posterior mean:
  1.1930987637927888
  1.6396699951888944
  1.9272756293122948
Posterior variance:
  0.09486832, -0.01388224, -0.12650113
  -0.01388224, 0.19342897, 0.00793069
  -0.12650113, 0.00793069, 0.48608513
Predictive distribution ~ N(1.23203, 3.09420)

Add data point: (0.9746039595393143, 4.963856419188336):
Posterior mean:
  1.1892655751157188
  1.6576582270121407
  1.961139205100216
Posterior variance:
  0.09443336, -0.01184108, -0.12265856
  -0.01184108, 0.18385030, -0.01010156
  -0.12265856, -0.01010156, 0.45213870
Predictive distribution ~ N(4.66762, 3.40219)

Add data point: (0.8435322853251448, 3.865289884509738):
Posterior mean:
  1.1893682305740778
  1.652726917077384
  1.9542331439065617
Posterior variance:
  0.09443089, -0.01172242, -0.12249239
  -0.01172242, 0.17815027, -0.01808418
  -0.12249239, -0.01808418, 0.44095942
Predictive distribution ~ N(3.97402, 3.22865)

Add data point: (-0.5804168726385395, 0.499825424256526):
Posterior mean:
  1.181952401180435
  1.6677166055483839
  1.9497125929507362
Posterior variance:
  0.09328654, -0.00940932, -0.12318997
  -0.00940932, 0.17347479, -0.01667416
  -0.12318997, -0.01667416, 0.44053419
Predictive distribution ~ N(0.87081, 3.13617)

Add data point: (0.3632938197893112, 4.109271042108979):
Posterior mean:
  1.2312365995661216
  1.7021390828470468
  1.9021052232396358
Posterior variance:
  0.09152900, -0.01063688, -0.12149222
  -0.01063688, 0.17261741, -0.01548838
  -0.12149222, -0.01548838, 0.43889421
Predictive distribution ~ N(2.10066, 3.08067)

Add data point: (0.7582382293126475, 3.4721048913191295):
Posterior mean:
  1.2306203494013748
  1.6970992991363665
  1.8967145732378428
Posterior variance:
  0.09147046, -0.01111561, -0.12200429
  -0.01111561, 0.16870225, -0.01967611
  -0.12200429, -0.01967611, 0.43441494
Predictive distribution ~ N(3.60789, 3.15775)

Add data point: (-0.7890069794618326, 1.6153857279854014):
Posterior mean:
  1.234678913683379
  1.6709538672948174
  1.9241108062357555
Posterior variance:
  0.09128892, -0.00994614, -0.12322971
  -0.00994614, 0.16116845, -0.01178189
  -0.12322971, -0.01178189, 0.42614306
Predictive distribution ~ N(1.11411, 3.23061)

Add data point: (0.00042676800480312416, 3.1891205458464658):
Posterior mean:
  1.2923719667132123
  1.6647112529882102
  1.846224948862145
Posterior variance:
  0.08859331, -0.00965446, -0.11959062
  -0.00965446, 0.16113689, -0.01217566
  -0.11959062, -0.01217566, 0.42123028
Predictive distribution ~ N(1.29308, 3.08859)

Add data point: (-0.858777841514996, -1.3307362752310081):
Posterior mean:
  1.285630384459186
  1.7865724949366864
  1.6898205861075364
Posterior variance:
  0.08857039, -0.00924018, -0.12012234
  -0.00924018, 0.15364828, -0.00256430
  -0.12012234, -0.00256430, 0.40889446
Predictive distribution ~ N(0.99760, 3.26622)

Add data point: (-0.8032999694891074, -2.2834693063881417):
Posterior mean:
  1.2671287449997237
  1.9210562822129058
  1.543849995969703
Posterior variance:
  0.08846436, -0.00846944, -0.12095891
  -0.00846944, 0.14804596, 0.00351653
  -0.12095891, 0.00351653, 0.40229425
Predictive distribution ~ N(0.72018, 3.20537)

Add data point: (0.6362696711596507, 1.9654879130491558):
Posterior mean:
  1.254517938062823
  1.8888323638251312
  1.527528274258071
Posterior variance:
  0.08809001, -0.00942600, -0.12144342
  -0.00942600, 0.14560171, 0.00227849
  -0.12144342, 0.00227849, 0.40166717
Predictive distribution ~ N(3.07473, 3.10372)

Add data point: (0.43377815881596304, 1.6879433661596228):
Posterior mean:
  1.2411331239981225
  1.876977211747018
  1.537350946199732
Posterior variance:
  0.08687445, -0.01050264, -0.12055136
  -0.01050264, 0.14464810, 0.00306861
  -0.12055136, 0.00306861, 0.40101251
Predictive distribution ~ N(2.34460, 3.07431)

Add data point: (0.01644016025100914, 0.12097518371217386):
Posterior mean:
  1.2088008630682543
  1.8800078159772684
  1.582263816213476
Posterior variance:
  0.08444077, -0.01027453, -0.11717073
  -0.01027453, 0.14462672, 0.00275173
  -0.11717073, 0.00275173, 0.39631647
Predictive distribution ~ N(1.24014, 3.08408)

Add data point: (0.6166356892860712, 5.368082339510983):
Posterior mean:
  1.2347904838429626
  1.941940258327392
  1.6095463350915267
Posterior variance:
  0.08407718, -0.01114094, -0.11755240
  -0.01114094, 0.14256209, 0.00184222
  -0.11755240, 0.00184222, 0.39591581
Predictive distribution ~ N(3.04427, 3.09326)

Add data point: (-0.03792951643068898, 1.703804814291058):
Posterior mean:
  1.2495624898828042
  1.9390420033357096
  1.5890424818625766
Posterior variance:
  0.08177179, -0.01068862, -0.11435246
  -0.01068862, 0.14247334, 0.00121439
  -0.11435246, 0.00121439, 0.39147423
Predictive distribution ~ N(1.17830, 3.08246)

Add data point: (-0.6204686305296927, -0.2645923858814295):
Posterior mean:
  1.236433278296073
  1.9682176495153012
  1.5785094802193358
Posterior variance:
  0.08114036, -0.00928547, -0.11485903
  -0.00928547, 0.13935526, 0.00234008
  -0.11485903, 0.00234008, 0.39106783
Predictive distribution ~ N(0.62291, 3.11472)

Add data point: (-0.776140812011465, 1.1443306240252116):
Posterior mean:
  1.2393519549884542
  1.9505388031700461
  1.596625098226243
Posterior variance:
  0.08102499, -0.00858664, -0.11557512
  -0.00858664, 0.13512237, 0.00667755
  -0.11557512, 0.00667755, 0.38662321
Predictive distribution ~ N(0.68726, 3.17056)

Add data point: (0.7303393756783922, 3.021718195985736):
Posterior mean:
  1.2372857505283117
  1.935773579592552
  1.5815659348816702
Posterior variance:
  0.08097015, -0.00897853, -0.11597481
  -0.00897853, 0.13232194, 0.00382137
  -0.11597481, 0.00382137, 0.38371016
Predictive distribution ~ N(3.49466, 3.12686)

Add data point: (-0.5124334442060532, -0.9458683077857257):
Posterior mean:
  1.2086248497095247
  1.9751796007097573
  1.5904970396735245
Posterior variance:
  0.07998682, -0.00762654, -0.11566839
  -0.00762654, 0.13046309, 0.00340007
  -0.11566839, 0.00340007, 0.38361468
Predictive distribution ~ N(0.61412, 3.08685)

Add data point: (-0.3065233753068737, -1.1163328352954358):
Posterior mean:
  1.165241726493063
  2.00389480607275
  1.6394722265905375
Posterior variance:
  0.07832813, -0.00652866, -0.11379590
  -0.00652866, 0.12973640, 0.00216067
  -0.11379590, 0.00216067, 0.38150082
Predictive distribution ~ N(0.70504, 3.07638)

Add data point: (-0.3357252665591841, 0.4634492355721156):
Posterior mean:
  1.1605366884244608
  2.0073589811314094
  1.644443321998181
Posterior variance:
  0.07683856, -0.00543194, -0.11222210
  -0.00543194, 0.12892892, 0.00100193
  -0.11222210, 0.00100193, 0.37983803
Predictive distribution ~ N(0.67196, 3.07447)

Add data point: (0.38832480746310893, 2.2722585714845724):
Posterior mean:
  1.162124430045799
  2.0085890791733667
  1.6429448914385205
Posterior variance:
  0.07574902, -0.00627606, -0.11119384
  -0.00627606, 0.12827494, 0.00179857
  -0.11119384, 0.00179857, 0.37886761
Predictive distribution ~ N(2.18986, 3.06551)

Add data point: (-0.8872411012330601, 4.64210802777639):
Posterior mean:
  1.1545245650382907
  1.8634525182111545
  1.8697577920070552
Posterior variance:
  0.07573712, -0.00650330, -0.11083871
  -0.00650330, 0.12393518, 0.00858056
  -0.11083871, 0.00858056, 0.36826903
Predictive distribution ~ N(0.97306, 3.22656)

Add data point: (0.8270591515567844, 4.693103817017516):
Posterior mean:
  1.1532915086069966
  1.8864655814220217
  1.9032296528248802
Posterior variance:
  0.07572775, -0.00632846, -0.11058442
  -0.00632846, 0.12067210, 0.00383450
  -0.11058442, 0.00383450, 0.36136602
Predictive distribution ~ N(4.01537, 3.16994)

Add data point: (-0.012544507846025121, -1.8893617002481824):
Posterior mean:
  1.0788959739383954
  1.894162961800061
  2.0117711877665023
Posterior variance:
  0.07386029, -0.00613525, -0.10785982
  -0.00613525, 0.12065211, 0.00355260
  -0.10785982, 0.00355260, 0.35739090
Predictive distribution ~ N(1.05545, 3.07400)

Add data point: (0.3742358652083593, 3.151169289544472):
Posterior mean:
  1.0988312252370913
  1.908115482294958
  1.991829367430596
Posterior variance:
  0.07281975, -0.00686351, -0.10681894
  -0.00686351, 0.12014240, 0.00428111
  -0.10681894, 0.00428111, 0.35634967
Predictive distribution ~ N(2.09188, 3.06203)

Add data point: (-0.32860788046493394, 1.8747719198555972):
Posterior mean:
  1.123408329678803
  1.8903689873668843
  1.9648520188321539
Posterior variance:
  0.07150510, -0.00591424, -0.10537590
  -0.00591424, 0.11945696, 0.00323913
  -0.10537590, 0.00323913, 0.35476570
Predictive distribution ~ N(0.71439, 3.06944)

Add data point: (-0.5369694783147603, 0.04160216540362216):
Posterior mean:
  1.1143005326221918
  1.904581556117486
  1.9658437440658447
Posterior variance:
  0.07086801, -0.00492008, -0.10530653
  -0.00492008, 0.11790558, 0.00313088
  -0.10530653, 0.00313088, 0.35475815
Predictive distribution ~ N(0.65842, 3.07795)

Add data point: (0.13989267573842157, 2.997051558576774):
Posterior mean:
  1.1493353512777977
  1.9105658198230253
  1.9154786001561432
Posterior variance:
  0.06935548, -0.00517843, -0.10313215
  -0.00517843, 0.11786145, 0.00350228
  -0.10313215, 0.00350228, 0.35163233
Predictive distribution ~ N(1.45410, 3.06633)

Add data point: (0.2840385161885348, 1.0531786958499176):
Posterior mean:
  1.1339008616978306
  1.903159716818727
  1.9345937625517413
Posterior variance:
  0.06819670, -0.00573446, -0.10169703
  -0.00573446, 0.11759465, 0.00419091
  -0.10169703, 0.00419091, 0.34985497
Predictive distribution ~ N(1.83055, 3.06049)

Add data point: (0.21624186445179006, 2.132297007314979):
Posterior mean:
  1.1439826830365847
  1.9063836286044242
  1.9209087978126345
Posterior variance:
  0.06693338, -0.00613844, -0.09998221
  -0.00613844, 0.11746546, 0.00473927
  -0.09998221, 0.00473927, 0.34752729
Predictive distribution ~ N(1.64605, 3.06128)

Add data point: (0.89731615175991, 3.8270274468382532):
Posterior mean:
  1.1473833232079511
  1.8880095340872354
  1.8880947711487108
Posterior variance:
  0.06682040, -0.00552801, -0.09889205
  -0.00552801, 0.11416723, -0.00115100
  -0.09889205, -0.00115100, 0.33700796
Predictive distribution ~ N(4.36177, 3.20640)

Add data point: (-0.783382775176874, -2.650919980456031):
Posterior mean:
  1.135840058906303
  1.9935680423882054
  1.7680200095632632
Posterior variance:
  0.06678568, -0.00521048, -0.09925325
  -0.00521048, 0.11126356, 0.00215198
  -0.09925325, 0.00215198, 0.33325075
Predictive distribution ~ N(0.65913, 3.14485)

Add data point: (-0.853089451617715, 1.1579076947442484):
Posterior mean:
  1.1357029147096653
  1.980078069010721
  1.787378309794169
Posterior variance:
  0.06678536, -0.00524148, -0.09920877
  -0.00524148, 0.10821446, 0.00652749
  -0.09920877, 0.00652749, 0.32697184
Predictive distribution ~ N(0.74730, 3.17515)

Add data point: (0.33552603089125, 3.2020955464533865):
Posterior mean:
  1.15685343783944
  1.9925670523434762
  1.7637337439847462
Posterior variance:
  0.06583673, -0.00580163, -0.09814827
  -0.00580163, 0.10788370, 0.00715370
  -0.09814827, 0.00715370, 0.32578629
Predictive distribution ~ N(2.02397, 3.05666)

Add data point: (0.7532122192092165, 3.7802187934809997):
Posterior mean:
  1.157079636681562
  1.9956764551888635
  1.7673339685324243
Posterior variance:
  0.06582599, -0.00594916, -0.09831908
  -0.00594916, 0.10585579, 0.00480569
  -0.09831908, 0.00480569, 0.32306764
Predictive distribution ~ N(3.66291, 3.11345)

Add data point: (0.36291590967748855, 4.793596914279499):
Posterior mean:
  1.201554084778299
  2.024702472326739
  1.719959689500231
Posterior variance:
  0.06498418, -0.00649856, -0.09742237
  -0.00649856, 0.10549722, 0.00539092
  -0.09742237, 0.00539092, 0.32211247
Predictive distribution ~ N(2.16288, 3.05460)

Add data point: (-0.7911597527292626, 3.1595536324882145):
Posterior mean:
  1.2087864723496193
  1.956227356176252
  1.798987478362807
Posterior variance:
  0.06495754, -0.00624638, -0.09771342
  -0.00624638, 0.10310957, 0.00814653
  -0.09771342, 0.00814653, 0.31893219
Predictive distribution ~ N(0.78715, 3.13394)

Add data point: (0.9881424952351057, 6.9061215689725355):
Posterior mean:
  1.1863835582220774
  2.0195953486294314
  1.9346296345605138
Posterior variance:
  0.06454887, -0.00509043, -0.09523906
  -0.00509043, 0.09983990, 0.00114764
  -0.09523906, 0.00114764, 0.30395074
Predictive distribution ~ N(5.07105, 3.25799)

Add data point: (-0.1736351537566343, 1.5617684696286407):
Posterior mean:
  1.2000180831721037
  2.014715371435031
  1.9158271147696548
Posterior variance:
  0.06327142, -0.00463321, -0.09347740
  -0.00463321, 0.09967625, 0.00051712
  -0.09347740, 0.00051712, 0.30152135
Predictive distribution ~ N(0.90795, 3.06252)

Add data point: (0.44651677311420457, 1.7076276678902222):
Posterior mean:
  1.189230193596297
  2.004583477252316
  1.9242236844070986
Posterior variance:
  0.06267812, -0.00519043, -0.09301562
  -0.00519043, 0.09915292, 0.00095082
  -0.09301562, 0.00095082, 0.30116193
Predictive distribution ~ N(2.46796, 3.05286)

Add data point: (-0.21706722791530675, -0.36600760486403194):
Posterior mean:
  1.1657296162988313
  2.0151304778163923
  1.9554796349700116
Posterior variance:
  0.06152477, -0.00467280, -0.09148165
  -0.00467280, 0.09892061, 0.00026238
  -0.09148165, 0.00026238, 0.29912173
Predictive distribution ~ N(0.82045, 3.06025)

Add data point: (0.15425114779592297, -0.21432048727746178):
Posterior mean:
  1.1324230658502712
  2.0091130637961165
  2.0033846596193827
Posterior variance:
  0.06040087, -0.00487586, -0.08986514
  -0.00487586, 0.09888393, 0.00055443
  -0.08986514, 0.00055443, 0.29679670
Predictive distribution ~ N(1.49000, 3.05715)

Add data point: (-0.5672038927464198, 1.3129791040455412):
Posterior mean:
  1.13996036445988
  1.9957382884158033
  2.0045521407223545
Posterior variance:
  0.06001871, -0.00419772, -0.08992434
  -0.00419772, 0.09768058, 0.00065947
  -0.08992434, 0.00065947, 0.29678753
Predictive distribution ~ N(0.65287, 3.06882)

Add data point: (0.01963223654941393, -2.4542231917966735):
Posterior mean:
  1.068815462215844
  1.9984459654374902
  2.1112036294903604
Posterior variance:
  0.05884602, -0.00415309, -0.08816640
  -0.00415309, 0.09767888, 0.00059256
  -0.08816640, 0.00059256, 0.29415225
Predictive distribution ~ N(1.10886, 3.05865)

Add data point: (-0.6061303091454726, 0.1294299070286702):
Posterior mean:
  1.0640687971815492
  2.0087910034717313
  2.1080015302660646
Posterior variance:
  0.05857301, -0.00355808, -0.08835057
  -0.00355808, 0.09638210, 0.00099395
  -0.08835057, 0.00099395, 0.29402800
Predictive distribution ~ N(0.62095, 3.07262)

Add data point: (0.5420560399846146, 2.1781940946883163):
Posterior mean:
  1.0581047875061924
  1.9992713537925346
  2.108277349217777
Posterior variance:
  0.05826499, -0.00404973, -0.08833632
  -0.00404973, 0.09559734, 0.00101669
  -0.08833632, 0.00101669, 0.29402734
Predictive distribution ~ N(2.76129, 3.05576)

Add data point: (-0.32300312296936107, 0.35488694200410803):
Posterior mean:
  1.0535330226100583
  2.0024327412914715
  2.113541975409346
Posterior variance:
  0.05743509, -0.00347585, -0.08738065
  -0.00347585, 0.09520050, 0.00035584
  -0.08738065, 0.00035584, 0.29292683
Predictive distribution ~ N(0.62725, 3.05454)

Add data point: (0.8455927044632514, 3.6206281192782304):
Posterior mean:
  1.0551511014047308
  1.9867700793042928
  2.0887403787577177
Posterior variance:
  0.05741482, -0.00327967, -0.08707000
  -0.00327967, 0.09330149, -0.00265121
  -0.08707000, -0.00265121, 0.28816522
Predictive distribution ~ N(4.22866, 3.13819)

Add data point: (0.25622513833591154, 3.528230044860895):
Posterior mean:
  1.0855984094253772
  1.9990143603086319
  2.0475333848385993
Posterior variance:
  0.05656721, -0.00362053, -0.08592285
  -0.00362053, 0.09316441, -0.00218989
  -0.08592285, -0.00218989, 0.28661268
Predictive distribution ~ N(1.73222, 3.05071)

Add data point: (-0.8197862520609867, 7.16433746683089):
Posterior mean:
  1.0892134875359023
  1.8345633875275005
  2.2665337485149264
Posterior variance:
  0.05656619, -0.00357409, -0.08598469
  -0.00357409, 0.09105175, 0.00062356
  -0.08598469, 0.00062356, 0.28286600
Predictive distribution ~ N(1.10849, 3.13512)

Add data point: (-0.15987545579367257, 3.6285873535800923):
Posterior mean:
  1.1390998771340468
  1.8181145416137763
  2.194932572369002
Posterior variance:
  0.05557844, -0.00324840, -0.08456699
  -0.00324840, 0.09094437, 0.00015610
  -0.08456699, 0.00015610, 0.28083120
Predictive distribution ~ N(0.90453, 3.05480)

Add data point: (0.7303948190978407, 6.502976402597149):
Posterior mean:
  1.14660401535233
  1.876784008634721
  2.2555531026421116
Posterior variance:
  0.05555725, -0.00341410, -0.08473820
  -0.00341410, 0.08964892, -0.00118242
  -0.08473820, -0.00118242, 0.27944816
Predictive distribution ~ N(3.72068, 3.08659)

Add data point: (0.6022498420175806, 2.8414715822410637):
Posterior mean:
  1.1447170283102617
  1.8726274529964888
  2.2542346492635854
Posterior variance:
  0.05538780, -0.00378735, -0.08485659
  -0.00378735, 0.08882674, -0.00144322
  -0.08485659, -0.00144322, 0.27936543
Predictive distribution ~ N(3.09013, 3.05761)

Add data point: (0.6488715378959946, 4.106366666156813):
Posterior mean:
  1.1491925842397213
  1.8864791940516492
  2.262515535139849
Posterior variance:
  0.05529125, -0.00408616, -0.08503523
  -0.00408616, 0.08790192, -0.00199610
  -0.08503523, -0.00199610, 0.27903491
Predictive distribution ~ N(3.32587, 3.06377)

