Add data point: ([ 1.         -0.36948927  0.13652232 -0.05044353], [-0.64166251]):
Posterior mean:
  -0.29738191709477624
  0.10987942630149565
  -0.040599268584639525
  0.015000993953908729
Posterior variance:
  0.53654466, 0.17124177, -0.06327200, 0.02337832
  0.17124177, 0.93672800, 0.02337832, -0.00863804
  -0.06327200, 0.02337832, 0.99136196, 0.00319166
  0.02337832, -0.00863804, 0.00319166, 0.99882071
Predictive distribution ~ N(-0.34428, 1.53654)

Add data point: ([ 1.         -0.75415497  0.56874972 -0.42892543], [-1.21030773]):
Posterior mean:
  -0.429108972395579
  0.2987628808014141
  -0.21613104472066003
  0.15960347906489497
Posterior variance:
  0.47707862, 0.25651014, -0.14251297, 0.08865677
  0.25651014, 0.81446167, 0.13700197, -0.10224082
  -0.14251297, 0.13700197, 0.88577007, 0.09017790
  0.08865677, -0.10224082, 0.09017790, 0.92716174
Predictive distribution ~ N(-0.84580, 1.54468)

Add data point: ([1.         0.99537143 0.99076429 0.98617847], [10.41039283]):
Posterior mean:
  1.0999524457138783
  2.7819719646969356
  1.9477288494697396
  2.391520408213304
Posterior variance:
  0.37917409, 0.09751233, -0.28106311, -0.05425101
  0.09751233, 0.55624784, -0.08800468, -0.33432430
  -0.28106311, -0.08800468, 0.68970005, -0.11205885
  -0.05425101, -0.33432430, -0.11205885, 0.71856430
Predictive distribution ~ N(8.15725, 1.78742)

Add data point: ([ 1.         -0.78283349  0.61282827 -0.47974249], [1.05093561]):
Posterior mean:
  1.303986866569046
  2.4804181398241703
  2.2919829897173263
  2.123251031242605
Posterior variance:
  0.36382897, 0.12019174, -0.30695395, -0.03407488
  0.12019174, 0.52272868, -0.04973918, -0.36414373
  -0.30695395, -0.04973918, 0.64601612, -0.07801696
  -0.03407488, -0.36414373, -0.07801696, 0.69203624
Predictive distribution ~ N(-0.25179, 1.37444)

Add data point: ([1.         0.93613162 0.87634241 0.82037184], [8.08376147]):
Posterior mean:
  1.3803460351087549
  2.5941577898916752
  2.3552400015635158
  2.176200491275689
Posterior variance:
  0.34446352, 0.09134623, -0.32299656, -0.04750339
  0.09134623, 0.47976229, -0.07363520, -0.38414597
  -0.32299656, -0.07363520, 0.63272619, -0.08914133
  -0.04750339, -0.38414597, -0.08914133, 0.68272455
Predictive distribution ~ N(7.65811, 1.39825)

Add data point: ([1.         0.17164856 0.02946323 0.00505732], [2.20455172]):
Posterior mean:
  1.4567191411039921
  2.631121834834585
  2.2860471261828232
  2.1516539567574955
Posterior variance:
  0.25482206, 0.04796039, -0.24178275, -0.01869237
  0.04796039, 0.45876385, -0.03432829, -0.37020164
  -0.24178275, -0.03432829, 0.55914772, -0.11524368
  -0.01869237, -0.37020164, -0.11524368, 0.67346461
Predictive distribution ~ N(1.98658, 1.26985)

Add data point: ([1.         0.27335225 0.07472145 0.02042528], [2.73339719]):
Posterior mean:
  1.523725170103416
  2.6749640455921764
  2.2291783139665706
  2.1208363782233315
Posterior variance:
  0.20604058, 0.01604255, -0.20038133, 0.00374333
  0.01604255, 0.43787992, -0.00723924, -0.35552190
  -0.20038133, -0.00723924, 0.52400984, -0.13428512
  0.00374333, -0.35552190, -0.13428512, 0.66314592
Predictive distribution ~ N(2.46482, 1.21626)

Add data point: ([1.         0.9421074  0.88756634 0.83618282], [8.95073574]):
Posterior mean:
  1.5625753915097602
  2.779439099550928
  2.3510058781797536
  2.207959930787314
Posterior variance:
  0.20447868, 0.01184233, -0.20527916, 0.00024070
  0.01184233, 0.42658481, -0.02041039, -0.36494109
  -0.20527916, -0.02041039, 0.50865106, -0.14526877
  0.00024070, -0.36494109, -0.14526877, 0.65529110
Predictive distribution ~ N(8.11404, 1.27556)

Add data point: ([ 1.         -0.15710111  0.02468076 -0.00387737], [2.14588814]):
Posterior mean:
  1.7221837196445349
  2.7355978231112426
  2.1983420316111832
  2.2495259421823257
Posterior variance:
  0.17198956, 0.02076646, -0.17420363, -0.00822028
  0.02076646, 0.42413353, -0.02894622, -0.36261703
  -0.17420363, -0.02894622, 0.47892761, -0.13717592
  -0.00822028, -0.36261703, -0.13717592, 0.65308765
Predictive distribution ~ N(1.33795, 1.16751)

Add data point: ([ 1.         -0.46409692  0.21538596 -0.09995996], [-0.32422136]):
Posterior mean:
  1.6127527396620436
  2.862801664858288
  2.2365775466960347
  2.1927076740359834
Posterior variance:
  0.15858056, 0.03635323, -0.16951849, -0.01518244
  0.03635323, 0.40601527, -0.03439229, -0.35452413
  -0.16951849, -0.03439229, 0.47729061, -0.13474332
  -0.01518244, -0.35452413, -0.13474332, 0.64947278
Predictive distribution ~ N(0.54668, 1.15071)

Add data point: ([1.         0.46742852 0.21848942 0.10212819], [4.31625672]):
Posterior mean:
  1.6880964333923594
  2.9631328871983422
  2.1842861133501454
  2.11350116368572
Posterior variance:
  0.14276894, 0.01529774, -0.15854461, 0.00143982
  0.01529774, 0.37797678, -0.01977897, -0.33238914
  -0.15854461, -0.01977897, 0.46967432, -0.14627982
  0.00143982, -0.33238914, -0.14627982, 0.63199831
Predictive distribution ~ N(3.76624, 1.15738)

Add data point: ([ 1.00000000e+00 -6.24426639e-02  3.89908628e-03 -2.43469334e-04], [-0.65808395]):
Posterior mean:
  1.4196941152308764
  2.9789112440372807
  2.479771879409059
  2.072686547600334
Posterior variance:
  0.12529805, 0.01632479, -0.13931079, -0.00121689
  0.01632479, 0.37791641, -0.02090965, -0.33223296
  -0.13931079, -0.02090965, 0.44849969, -0.14335502
  -0.00121689, -0.33223296, -0.14335502, 0.63159431
Predictive distribution ~ N(1.24285, 1.12365)

Add data point: ([ 1.         -0.47219386  0.22296704 -0.10528367], [-0.16967879]):
Posterior mean:
  1.3803504414431302
  3.0387551168539604
  2.4862842702136767
  2.046715859394177
Posterior variance:
  0.11870910, 0.02634694, -0.13822015, -0.00556625
  0.02634694, 0.36267217, -0.02256857, -0.32561735
  -0.13822015, -0.02256857, 0.44831916, -0.14263509
  -0.00556625, -0.32561735, -0.14263509, 0.62872331
Predictive distribution ~ N(0.28434, 1.12256)

Add data point: ([1.         0.85319681 0.7279448  0.62108018], [7.37864642]):
Posterior mean:
  1.3904103494650677
  3.0704990832270096
  2.5080464341264257
  2.0476036000131854
Posterior variance:
  0.11755881, 0.02271722, -0.14070852, -0.00566775
  0.02271722, 0.35121861, -0.03042059, -0.32593766
  -0.14070852, -0.03042059, 0.44293619, -0.14285468
  -0.00566775, -0.32593766, -0.14285468, 0.62871436
Predictive distribution ~ N(7.10760, 1.16494)

Add data point: ([1.         0.80846606 0.65361736 0.52842745], [8.22376902]):
Posterior mean:
  1.4484856058424642
  3.2329093734993837
  2.577123460728113
  2.0046151837140194
Posterior variance:
  0.11609912, 0.01863513, -0.14244473, -0.00458726
  0.01863513, 0.33980284, -0.03527599, -0.32291602
  -0.14244473, -0.03527599, 0.44087107, -0.14156950
  -0.00458726, -0.32291602, -0.14156950, 0.62791456
Predictive distribution ~ N(6.80593, 1.12997)

Add data point: ([1.         0.37908373 0.14370448 0.05447603], [1.58203177]):
Posterior mean:
  1.3059102778278746
  3.0592357675654247
  2.716540542756781
  2.1620735538500426
Posterior variance:
  0.10680513, 0.00731395, -0.13335661, 0.00567690
  0.00731395, 0.32601231, -0.02420559, -0.31041305
  -0.13335661, -0.02420559, 0.43198426, -0.15160630
  0.00567690, -0.31041305, -0.15160630, 0.61657894
Predictive distribution ~ N(2.97378, 1.11441)

Add data point: ([ 1.         -0.37930895  0.14387528 -0.05457318], [-2.37065729]):
Posterior mean:
  1.0939110155189447
  3.3172626524077518
  2.8513366416198727
  1.9916445720265132
Posterior variance:
  0.10037950, 0.01513466, -0.12927099, 0.00051126
  0.01513466, 0.31649363, -0.02917825, -0.30412588
  -0.12927099, -0.02917825, 0.42938649, -0.14832181
  0.00051126, -0.30412588, -0.14832181, 0.61242621
Predictive distribution ~ N(0.13719, 1.10082)

Add data point: ([1.         0.30541452 0.09327803 0.02848846], [1.8811736]):
Posterior mean:
  1.0480332523476446
  3.2677069164123447
  2.9018522700987432
  2.035450995365771
Posterior variance:
  0.09260545, 0.00673737, -0.12071105, 0.00793432
  0.00673737, 0.30742314, -0.01993207, -0.29610772
  -0.12071105, -0.01993207, 0.41996121, -0.15649529
  0.00793432, -0.29610772, -0.15649529, 0.60533830
Predictive distribution ~ N(2.37470, 1.10035)

Add data point: ([1.         0.75234614 0.56602472 0.42584651], [7.39416745]):
Posterior mean:
  1.088709484795136
  3.3927987266369346
  2.9457984233521426
  1.9787261593633767
Posterior variance:
  0.09163965, 0.00376724, -0.12175449, 0.00928117
  0.00376724, 0.29828908, -0.02314096, -0.29196574
  -0.12175449, -0.02314096, 0.41883388, -0.15504016
  0.00928117, -0.29196574, -0.15504016, 0.60346005
Predictive distribution ~ N(6.15130, 1.09831)

Add data point: ([ 1.         -0.79872748  0.63796558 -0.50956064], [0.04234871]):
Posterior mean:
  1.0924335745420426
  3.332702076391904
  3.09110510930293
  1.8806753054394223
Posterior variance:
  0.09161039, 0.00423936, -0.12289603, 0.01005147
  0.00423936, 0.29067024, -0.00471950, -0.30439628
  -0.12289603, -0.00471950, 0.37429293, -0.12498457
  0.01005147, -0.30439628, -0.12498457, 0.58317897
Predictive distribution ~ N(-0.55579, 1.24528)

Add data point: ([ 1.         -0.86819541  0.75376327 -0.65441382], [-0.49666585]):
Posterior mean:
  1.0907204998478355
  3.3247345081370985
  3.1283228991831735
  1.8500773449124908
Posterior variance:
  0.09151617, 0.00380110, -0.12084884, 0.00836841
  0.00380110, 0.28863187, 0.00480206, -0.31222426
  -0.12084884, 0.00480206, 0.32981620, -0.08841880
  0.00836841, -0.31222426, -0.08841880, 0.55311706
Predictive distribution ~ N(-0.64850, 1.25976)

Add data point: ([ 1.         -0.73904556  0.54618834 -0.40365807], [0.25431019]):
Posterior mean:
  1.1018674291417385
  3.2780900829262265
  3.1810699167985566
  1.8313592424428213
Posterior variance:
  0.09118926, 0.00516906, -0.12239577, 0.00891736
  0.00516906, 0.28290764, 0.01127521, -0.31452136
  -0.12239577, 0.01127521, 0.32249616, -0.08582116
  0.00891736, -0.31452136, -0.08582116, 0.55219525
Predictive distribution ~ N(-0.32257, 1.12443)

Add data point: ([1.         0.20430151 0.04173911 0.00852736], [1.57295357]):
Posterior mean:
  1.0742202033715222
  3.2588298323685487
  3.215105103318901
  1.8485453209565903
Posterior variance:
  0.08424107, 0.00032866, -0.11384220, 0.01323649
  0.00032866, 0.27953561, 0.01723400, -0.31151247
  -0.11384220, 0.01723400, 0.31196626, -0.09113824
  0.01323649, -0.31151247, -0.09113824, 0.54951039
Predictive distribution ~ N(1.88996, 1.08649)

Add data point: ([1.         0.96126389 0.92402827 0.88823502], [8.77369898]):
Posterior mean:
  1.0745584078320576
  3.258515042519409
  3.2109138650339037
  1.8440633420345094
Posterior variance:
  0.08417566, 0.00038954, -0.11303154, 0.01410338
  0.00038954, 0.27947894, 0.01647946, -0.31231934
  -0.11303154, 0.01647946, 0.30192007, -0.10188132
  0.01410338, -0.31231934, -0.10188132, 0.53802207
Predictive distribution ~ N(8.81179, 1.17031)

Add data point: ([ 1.         -0.51451898  0.26472978 -0.13620849], [0.11845364]):
Posterior mean:
  1.080405511850386
  3.247691013728822
  3.207806314272404
  1.8524241947501396
Posterior variance:
  0.08166926, 0.00502934, -0.11169946, 0.01051944
  0.00502934, 0.27088985, 0.01401356, -0.30568484
  -0.11169946, 0.01401356, 0.30121211, -0.09997657
  0.01051944, -0.30568484, -0.09997657, 0.53289735
Predictive distribution ~ N(0.00629, 1.07774)

Add data point: ([ 1.         -0.32642193  0.10655128 -0.03478067], [1.08673997]):
Posterior mean:
  1.1299314171137511
  3.1955996540908207
  3.148821051954637
  1.9117109619843449
Posterior variance:
  0.07741639, 0.00950251, -0.10663430, 0.00542839
  0.00950251, 0.26618497, 0.00868602, -0.30033007
  -0.10663430, 0.00868602, 0.29517952, -0.09391314
  0.00542839, -0.30033007, -0.09391314, 0.52680293
Predictive distribution ~ N(0.35584, 1.07373)

Add data point: ([1.         0.84833681 0.71967534 0.61052708], [8.18238804]):
Posterior mean:
  1.1398402420207128
  3.2434657474545463
  3.1947323098857145
  1.9155658614316087
Posterior variance:
  0.07728492, 0.00886745, -0.10724342, 0.00537725
  0.00886745, 0.26311723, 0.00574357, -0.30057713
  -0.10724342, 0.00574357, 0.29235724, -0.09415011
  0.00537725, -0.30057713, -0.09415011, 0.52678303
Predictive distribution ~ N(7.36007, 1.09459)

Add data point: ([ 1.         -0.15407493  0.02373908 -0.0036576 ], [1.08071207]):
Posterior mean:
  1.1651972823266303
  3.2329442958683936
  3.159872209052219
  1.931995154383869
Posterior variance:
  0.07228185, 0.01094339, -0.10036534, 0.00213566
  0.01094339, 0.26225586, 0.00288964, -0.29923209
  -0.10036534, 0.00288964, 0.28290146, -0.08969367
  0.00213566, -0.29923209, -0.08969367, 0.52468275
Predictive distribution ~ N(0.73503, 1.07018)

Add data point: ([1.         0.73308257 0.53741005 0.39396594], [6.20352998]):
Posterior mean:
  1.1704747452949686
  3.2497929435638016
  3.163451029519841
  1.9206052593664662
Posterior variance:
  0.07159491, 0.00875030, -0.10083118, 0.00361822
  0.00875030, 0.25525426, 0.00140243, -0.29449892
  -0.10083118, 0.00140243, 0.28258556, -0.08868830
  0.00361822, -0.29449892, -0.08868830, 0.52148307
Predictive distribution ~ N(6.00956, 1.07207)

Add data point: ([1.         0.93364252 0.87168836 0.81384531], [7.71666233]):
Posterior mean:
  1.1741857048085629
  3.2436278971636696
  3.110031347292085
  1.8663743091249607
Posterior variance:
  0.07157112, 0.00878982, -0.10048868, 0.00396592
  0.00878982, 0.25518860, 0.00083343, -0.29507656
  -0.10048868, 0.00083343, 0.27765528, -0.09369345
  0.00396592, -0.29507656, -0.09369345, 0.51640190
Predictive distribution ~ N(8.43249, 1.11470)

Add data point: ([ 1.         -0.6015521   0.36186493 -0.21768061], [-0.36356368]):
Posterior mean:
  1.1659374381944585
  3.2663897653046736
  3.104388405559897
  1.8563950753850875
Posterior variance:
  0.07078705, 0.01095352, -0.10102509, 0.00301731
  0.01095352, 0.24921767, 0.00231370, -0.29245879
  -0.10102509, 0.00231370, 0.27728831, -0.09434243
  0.00301731, -0.29245879, -0.09434243, 0.51525422
Predictive distribution ~ N(-0.07970, 1.07135)

Add data point: ([1.         0.81175316 0.6589432  0.53489922], [7.46199836]):
Posterior mean:
  1.1742542253068473
  3.2993486391764018
  3.1230900909363983
  1.8445638200494807
Posterior variance:
  0.07058498, 0.01015273, -0.10147948, 0.00330477
  0.01015273, 0.24604419, 0.00051299, -0.29131961
  -0.10147948, 0.00051299, 0.27626654, -0.09369603
  0.00330477, -0.29131961, -0.09369603, 0.51484529
Predictive distribution ~ N(6.89711, 1.06777)

Add data point: ([1.         0.21939017 0.04813204 0.0105597 ], [1.51805879]):
Posterior mean:
  1.1395394269412766
  3.268149114000824
  3.1685806227788973
  1.8750483418462558
Posterior variance:
  0.06629406, 0.00629631, -0.09585661, 0.00707282
  0.00629631, 0.24257828, 0.00556647, -0.28793312
  -0.09585661, 0.00556647, 0.26889830, -0.09863370
  0.00707282, -0.28793312, -0.09863370, 0.51153641
Predictive distribution ~ N(2.02885, 1.07102)

Add data point: ([ 1.         -0.97392411  0.94852817 -0.92379446], [-1.48068566]):
Posterior mean:
  1.1583069931743637
  3.247358658753151
  3.045342417208845
  2.0152535650542305
Posterior variance:
  0.06530911, 0.00738742, -0.08938890, -0.00028536
  0.00738742, 0.24136956, -0.00159838, -0.27978184
  -0.08938890, -0.00159838, 0.22642769, -0.05031588
  -0.00028536, -0.27978184, -0.05031588, 0.45656636
Predictive distribution ~ N(-0.97746, 1.29186)

Add data point: ([ 1.         -0.63317215  0.40090698 -0.25384313], [-0.05971808]):
Posterior mean:
  1.1613049752603049
  3.2383093806960606
  3.047171526247646
  2.020171937914522
Posterior variance:
  0.06473016, 0.00913496, -0.08974212, -0.00123516
  0.00913496, 0.23609471, -0.00053219, -0.27691490
  -0.08974212, -0.00053219, 0.22621218, -0.05089537
  -0.00123516, -0.27691490, -0.05089537, 0.45500815
Predictive distribution ~ N(-0.18028, 1.06378)

Add data point: ([1.         0.47116398 0.2219955  0.10459628], [3.22901093]):
Posterior mean:
  1.145503118716798
  3.2088585438794013
  3.061720261526558
  2.050952535995366
Posterior variance:
  0.06249201, 0.00496359, -0.08768146, 0.00312455
  0.00496359, 0.22832029, 0.00330838, -0.26878946
  -0.08768146, 0.00330838, 0.22431494, -0.05490934
  0.00312455, -0.26878946, -0.05490934, 0.44651583
Predictive distribution ~ N(3.55161, 1.06717)

Add data point: ([1.         0.4539368  0.20605862 0.09353759], [1.88110079]):
Posterior mean:
  1.077584513393774
  3.0871826774454636
  3.126925905464629
  2.178833238184918
Posterior variance:
  0.06042554, 0.00126152, -0.08569754, 0.00701541
  0.00126152, 0.22168804, 0.00686258, -0.26181900
  -0.08569754, 0.00686258, 0.22241026, -0.05864479
  0.00701541, -0.26181900, -0.05864479, 0.43918991
Predictive distribution ~ N(3.32710, 1.06332)

Add data point: ([ 1.         -0.11964788  0.01431562 -0.00171283], [0.64608445]):
Posterior mean:
  1.0718432697827764
  3.0895863431995205
  3.1350204560897996
  2.1752593198841295
Posterior variance:
  0.05713988, 0.00263711, -0.08106510, 0.00497010
  0.00263711, 0.22111213, 0.00492313, -0.26096269
  -0.08106510, 0.00492313, 0.21587902, -0.05576110
  0.00497010, -0.26096269, -0.05576110, 0.43791670
Predictive distribution ~ N(0.74333, 1.05726)

Add data point: ([1.         0.48899174 0.23911292 0.11692425], [3.97517581]):
Posterior mean:
  1.0863494654249968
  3.119393031991439
  3.122735839045727
  2.1442280560387332
Posterior variance:
  0.05566058, -0.00040249, -0.07981236, 0.00813457
  -0.00040249, 0.21486650, 0.00749723, -0.25446047
  -0.07981236, 0.00749723, 0.21481812, -0.05844095
  0.00813457, -0.25446047, -0.05844095, 0.43114734
Predictive distribution ~ N(3.60911, 1.05794)

Add data point: ([ 1.         -0.70403855  0.49567027 -0.34897098], [-0.72347898]):
Posterior mean:
  1.08113401783615
  3.1421735149681136
  3.1066472060745607
  2.1412018158029547
Posterior variance:
  0.05548964, 0.00034420, -0.08033970, 0.00803538
  0.00034420, 0.21160506, 0.00980061, -0.25402721
  -0.08033970, 0.00980061, 0.21319137, -0.05874694
  0.00803538, -0.25402721, -0.05874694, 0.43108979
Predictive distribution ~ N(-0.33842, 1.06818)

Add data point: ([ 1.         -0.35703085  0.12747103 -0.04551109], [-0.64763262]):
Posterior mean:
  1.0427867738459142
  3.1956291093545226
  3.1529015422631046
  2.079840286784245
Posterior variance:
  0.05359402, 0.00298666, -0.07805322, 0.00500211
  0.00298666, 0.20792150, 0.00661328, -0.24979886
  -0.07805322, 0.00661328, 0.21043342, -0.05508821
  0.00500211, -0.24979886, -0.05508821, 0.42623608
Predictive distribution ~ N(0.20910, 1.05383)

Add data point: ([1.         0.31268733 0.09777337 0.03057249], [1.41551881]):
Posterior mean:
  0.9984125823093282
  3.1380873404050007
  3.2067499882858326
  2.14158015690807
Posterior variance:
  0.05150281, 0.00027490, -0.07551552, 0.00791171
  0.00027490, 0.20440506, 0.00990402, -0.24602587
  -0.07551552, 0.00990402, 0.20735390, -0.05861904
  0.00791171, -0.24602587, -0.05861904, 0.42218782
Predictive distribution ~ N(2.35866, 1.05531)

Add data point: ([1.         0.19764858 0.03906496 0.00772113], [0.14519988]):
Posterior mean:
  0.9237948971104638
  3.0780436318065956
  3.3078031263394005
  2.2025170490714845
Posterior variance:
  0.04925456, -0.00153423, -0.07247075, 0.00974775
  -0.00153423, 0.20294927, 0.01235409, -0.24454843
  -0.07247075, 0.01235409, 0.20323044, -0.06110556
  0.00974775, -0.24454843, -0.06110556, 0.42068840
Predictive distribution ~ N(1.67839, 1.05081)

Add data point: ([1.         0.2656626  0.07057662 0.01874957], [0.0162801]):
Posterior mean:
  0.8403009139483106
  2.985511923624366
  3.4142570063578783
  2.300706886739602
Posterior variance:
  0.04742123, -0.00356601, -0.07013328, 0.01190377
  -0.00356601, 0.20069757, 0.01494459, -0.24215903
  -0.07013328, 0.01494459, 0.20025018, -0.06385446
  0.01190377, -0.24215903, -0.06385446, 0.41815290
Predictive distribution ~ N(1.91754, 1.04936)

Add data point: ([ 1.         -0.35500143  0.12602601 -0.04473942], [1.95941697]):
Posterior mean:
  0.9094869914917418
  2.8762379976552093
  3.3309417591641153
  2.425851707714126
Posterior variance:
  0.04595218, -0.00124577, -0.06836422, 0.00924654
  -0.00124577, 0.19703293, 0.01215051, -0.23796215
  -0.06836422, 0.01215051, 0.19811985, -0.06065457
  0.00924654, -0.23796215, -0.06065457, 0.41334646
Predictive distribution ~ N(0.19967, 1.04962)

Add data point: ([ 1.         -0.76439524  0.58430008 -0.4466362 ], [-0.65804189]):
Posterior mean:
  0.9088816937249382
  2.8844690135810613
  3.316993342030673
  2.4320369972370255
Posterior variance:
  0.04594479, -0.00114528, -0.06853452, 0.00932206
  -0.00114528, 0.19566639, 0.01446628, -0.23898906
  -0.06853452, 0.01446628, 0.19419552, -0.05891436
  0.00932206, -0.23898906, -0.05891436, 0.41257479
Predictive distribution ~ N(-0.44411, 1.07685)

Add data point: ([ 1.         -0.35411064  0.12539435 -0.04440347], [1.79215011]):
Posterior mean:
  0.9657232318164665
  2.7961729765929744
  3.2459232350531018
  2.5359145972063524
Posterior variance:
  0.04461546, 0.00091967, -0.06687243, 0.00689271
  0.00091967, 0.19245876, 0.01188443, -0.23521537
  -0.06687243, 0.01188443, 0.19211737, -0.05587690
  0.00689271, -0.23521537, -0.05587690, 0.40813517
Predictive distribution ~ N(0.26999, 1.04671)

Add data point: ([1.         0.69794416 0.48712605 0.33998678], [6.20504211]):
Posterior mean:
  0.9778077016673874
  2.8452848635323322
  3.2587997017843726
  2.4991330867237225
Posterior variance:
  0.04440042, 0.00004575, -0.06710156, 0.00754722
  0.00004575, 0.18890713, 0.01095324, -0.23255544
  -0.06710156, 0.01095324, 0.19187323, -0.05517950
  0.00754722, -0.23255544, -0.05517950, 0.40614305
Predictive distribution ~ N(5.40078, 1.04752)

Add data point: ([1.00000000e+00 8.08533455e-02 6.53726348e-03 5.28559623e-04], [1.22141894]):
Posterior mean:
  0.9774262361345307
  2.8451524011868137
  3.2593635420641514
  2.4992320045801093
Posterior variance:
  0.04254996, -0.00059681, -0.06436641, 0.00802706
  -0.00059681, 0.18868400, 0.01190301, -0.23238882
  -0.06436641, 0.01190301, 0.18783043, -0.05588875
  0.00802706, -0.23238882, -0.05588875, 0.40601863
Predictive distribution ~ N(1.23009, 1.04285)

Add data point: ([1.         0.77244273 0.59666777 0.46089168], [5.5776971]):
Posterior mean:
  0.9725581706836944
  2.815385124271333
  3.2388304718869074
  2.510900012874821
Posterior variance:
  0.04249818, -0.00091346, -0.06458483, 0.00815118
  -0.00091346, 0.18674776, 0.01056742, -0.23162986
  -0.06458483, 0.01056742, 0.18690916, -0.05536523
  0.00815118, -0.23162986, -0.05536523, 0.40572114
Predictive distribution ~ N(6.23704, 1.05005)

Add data point: ([1.         0.40558006 0.16449519 0.06671597], [2.80222509]):
Posterior mean:
  0.9721759184518866
  2.8146561956786758
  3.2392270296898826
  2.5117090942404077
Posterior variance:
  0.04151708, -0.00278434, -0.06356702, 0.01022778
  -0.00278434, 0.18318012, 0.01250832, -0.22766992
  -0.06356702, 0.01250832, 0.18585326, -0.05751955
  0.01022778, -0.22766992, -0.05751955, 0.40132576
Predictive distribution ~ N(2.81415, 1.04474)

Add data point: ([1.         0.59168294 0.35008871 0.20714152], [2.51595577]):
Posterior mean:
  0.9385784819244409
  2.7077060553200054
  3.244361127327789
  2.616389809808942
Posterior variance:
  0.04114374, -0.00397279, -0.06350997, 0.01139101
  -0.00397279, 0.17939695, 0.01268993, -0.22396703
  -0.06350997, 0.01268993, 0.18584454, -0.05769731
  0.01139101, -0.22396703, -0.05769731, 0.39770144
Predictive distribution ~ N(4.21846, 1.04133)

Add data point: ([ 1.         -0.84298406  0.71062213 -0.59904313], [-0.93361977]):
Posterior mean:
  0.9407712303864113
  2.711237316977619
  3.2172047330436278
  2.639617242330071
Posterior variance:
  0.04109383, -0.00405317, -0.06289179, 0.01086227
  -0.00405317, 0.17926750, 0.01368546, -0.22481852
  -0.06289179, 0.01368546, 0.17818867, -0.05114908
  0.01086227, -0.22481852, -0.05114908, 0.39210060
Predictive distribution ~ N(-0.63979, 1.10370)

Add data point: ([ 1.00000000e+00 -7.07896950e-02  5.01118092e-03 -3.54739969e-04], [-0.1987183]):
Posterior mean:
  0.9028293576129525
  2.726571555927464
  3.2753713450480233
  2.615240019448695
Posterior variance:
  0.03947558, -0.00339916, -0.06041095, 0.00982257
  -0.00339916, 0.17900318, 0.01268283, -0.22439833
  -0.06041095, 0.01268283, 0.17438543, -0.04955517
  0.00982257, -0.22439833, -0.04955517, 0.39143260
Predictive distribution ~ N(0.72530, 1.04023)

Add data point: ([ 1.         -0.88977711  0.7917033  -0.70443947], [-2.49424793]):
Posterior mean:
  0.9213696345854228
  2.718330028784697
  3.1220544437596676
  2.7749336880104227
Posterior variance:
  0.03934372, -0.00334054, -0.05932048, 0.00868675
  -0.00334054, 0.17897712, 0.01219809, -0.22389343
  -0.05932048, 0.01219809, 0.16536792, -0.04016261
  0.00868675, -0.22389343, -0.04016261, 0.38164939
Predictive distribution ~ N(-0.98037, 1.12080)

Add data point: ([1.         0.89229552 0.7961913  0.71043793], [7.55602592]):
Posterior mean:
  0.9224490363422747
  2.7167188724247233
  3.1094826767964694
  2.7638850404350253
Posterior variance:
  0.03932328, -0.00331004, -0.05908249, 0.00889591
  -0.00331004, 0.17893159, 0.01184285, -0.22420563
  -0.05908249, 0.01184285, 0.16259604, -0.04259867
  0.00889591, -0.22420563, -0.04259867, 0.37950847
Predictive distribution ~ N(7.78588, 1.07344)

Add data point: ([ 1.         -0.90130622  0.81235289 -0.73217871], [-1.50524862]):
Posterior mean:
  0.9276489501901469
  2.7127997495300216
  3.069631365889304
  2.8071371711840074
Posterior variance:
  0.03919149, -0.00321071, -0.05807242, 0.00779964
  -0.00321071, 0.17885673, 0.01108158, -0.22337938
  -0.05807242, 0.01108158, 0.15485503, -0.03419706
  0.00779964, -0.22337938, -0.03419706, 0.37038989
Predictive distribution ~ N(-1.07912, 1.11488)

Add data point: ([ 1.         -0.21705971  0.04711492 -0.01022675], [1.32224229]):
Posterior mean:
  0.9584965485562587
  2.6801596800712897
  3.025670471449246
  2.849479780436493
Posterior variance:
  0.03787324, -0.00181586, -0.05619379, 0.00599017
  -0.00181586, 0.17738083, 0.00909378, -0.22146476
  -0.05619379, 0.00909378, 0.15217779, -0.03161838
  0.00599017, -0.22146476, -0.03161838, 0.36790613
Predictive distribution ~ N(0.49016, 1.04084)

Add data point: ([1.         0.6983343  0.48767079 0.34055724], [3.41102767]):
Posterior mean:
  0.9383439456892253
  2.5886057682795336
  3.0012861910215505
  2.919025620581658
Posterior variance:
  0.03775177, -0.00236768, -0.05634076, 0.00640933
  -0.00236768, 0.17487392, 0.00842610, -0.21956047
  -0.05634076, 0.00842610, 0.15199997, -0.03111120
  0.00640933, -0.21956047, -0.03111120, 0.36645960
Predictive distribution ~ N(5.20379, 1.03876)

Add data point: ([ 1.         -0.33095169  0.10952902 -0.03624881], [1.98487241]):
Posterior mean:
  0.9901428384364819
  2.5058090218231754
  2.9346222236163797
  3.0195891417993708
Posterior variance:
  0.03676124, -0.00078438, -0.05506597, 0.00448629
  -0.00078438, 0.17234314, 0.00638843, -0.21648663
  -0.05506597, 0.00638843, 0.15035934, -0.02863629
  0.00448629, -0.21648663, -0.02863629, 0.36272617
Predictive distribution ~ N(0.37281, 1.04062)

Add data point: ([ 1.         -0.28720642  0.08248753 -0.02369095], [0.43535933]):
Posterior mean:
  0.9899677572448866
  2.506050635411045
  2.934859467356699
  3.01928753734111
Posterior variance:
  0.03575593, 0.00060296, -0.05370372, 0.00275449
  0.00060296, 0.17042860, 0.00450852, -0.21409673
  -0.05370372, 0.00450852, 0.14851343, -0.02628961
  0.00275449, -0.21409673, -0.02628961, 0.35974287
Predictive distribution ~ N(0.44077, 1.03867)

Add data point: ([ 1.         -0.19105169  0.03650075 -0.00697353], [0.31293213]):
Posterior mean:
  0.9807420618884464
  2.5143551236844637
  2.9482783887206874
  3.008272559237331
Posterior variance:
  0.03466368, 0.00158614, -0.05211502, 0.00145040
  0.00158614, 0.16954359, 0.00307846, -0.21292286
  -0.05211502, 0.00307846, 0.14620264, -0.02439279
  0.00145040, -0.21292286, -0.02439279, 0.35818586
Predictive distribution ~ N(0.58701, 1.03604)

Add data point: ([1.         0.98310496 0.96649537 0.9501664 ], [10.48467571]):
Posterior mean:
  0.9657384519155068
  2.477842505785639
  3.0294064124124094
  3.1362255354414756
Posterior variance:
  0.03451902, 0.00123409, -0.05133280, 0.00268411
  0.00123409, 0.16868684, 0.00498208, -0.20992052
  -0.05133280, 0.00498208, 0.14197296, -0.03106373
  0.00268411, -0.20992052, -0.03106373, 0.34766463
Predictive distribution ~ N(9.30956, 1.11259)

Add data point: ([ 1.         -0.55760431  0.31092257 -0.17337176], [0.02419844]):
Posterior mean:
  0.9664416921483168
  2.4756249833657518
  3.0292212525865425
  3.1382378016584633
Posterior variance:
  0.03422716, 0.00215441, -0.05125595, 0.00184898
  0.00215441, 0.16578482, 0.00473976, -0.20728711
  -0.05125595, 0.00473976, 0.14195273, -0.03084384
  0.00184898, -0.20728711, -0.03084384, 0.34527497
Predictive distribution ~ N(-0.01621, 1.03656)

Add data point: ([ 1.         -0.4378246   0.19169038 -0.08392677], [-0.01874408]):
Posterior mean:
  0.9615285269706745
  2.486614666024037
  3.034182506634755
  3.1260696962221686
Posterior variance:
  0.03370337, 0.00332602, -0.05072704, 0.00055174
  0.00332602, 0.16316419, 0.00355669, -0.20438547
  -0.05072704, 0.00355669, 0.14141863, -0.02953391
  0.00055174, -0.20438547, -0.02953391, 0.34206219
Predictive distribution ~ N(0.19209, 1.03547)

Add data point: ([1.         0.9473138  0.89740343 0.85012265], [6.87875672]):
Posterior mean:
  0.9752202424837325
  2.5077668996532743
  2.9432691575656578
  3.007134524066772
Posterior variance:
  0.03364164, 0.00323066, -0.05031719, 0.00108791
  0.00323066, 0.16301687, 0.00418986, -0.20355714
  -0.05031719, 0.00418986, 0.13869722, -0.03309413
  0.00108791, -0.20355714, -0.03309413, 0.33740461
Predictive distribution ~ N(8.54860, 1.08190)

Add data point: ([ 1.         -0.98311611  0.96651729 -0.95019871], [-2.34280302]):
Posterior mean:
  0.988747337469284
  2.4792796009512363
  2.865023868154273
  3.113783176264934
Posterior variance:
  0.03333242, 0.00388186, -0.04852854, -0.00135002
  0.00388186, 0.16164547, 0.00042308, -0.19842299
  -0.04852854, 0.00042308, 0.12835109, -0.01899231
  -0.00135002, -0.19842299, -0.01899231, 0.31818378
Predictive distribution ~ N(-1.63829, 1.16124)

Add data point: ([1.         0.66545653 0.44283239 0.2946857 ], [5.22562056]):
Posterior mean:
  0.9941700381007031
  2.4998314434747426
  2.86618135247854
  3.0952131679632
Posterior variance:
  0.03314259, 0.00316239, -0.04856906, -0.00069993
  0.00316239, 0.15891871, 0.00026950, -0.19595917
  -0.04856906, 0.00026950, 0.12834244, -0.01885355
  -0.00069993, -0.19595917, -0.01885355, 0.31595755
Predictive distribution ~ N(4.83905, 1.03529)

Add data point: ([1.         0.34249113 0.11730018 0.04017427], [2.72173687]):
Posterior mean:
  1.0054373131864813
  2.5194993783199826
  2.852668878384617
  3.072547535849296
Posterior variance:
  0.03236097, 0.00179803, -0.04763170, 0.00087239
  0.00179803, 0.15653710, 0.00190575, -0.19321457
  -0.04763170, 0.00190575, 0.12721829, -0.02073918
  0.00087239, -0.19321457, -0.02073918, 0.31279462
Predictive distribution ~ N(2.32640, 1.03775)

Add data point: ([1.         0.66873543 0.44720708 0.29906322], [5.12396511]):
Posterior mean:
  1.008331094951092
  2.5309489493484643
  2.853670210862119
  3.0623648291355563
Posterior variance:
  0.03220936, 0.00119817, -0.04768416, 0.00140588
  0.00119817, 0.15416370, 0.00169818, -0.19110378
  -0.04768416, 0.00169818, 0.12720014, -0.02055458
  0.00140588, -0.19110378, -0.02055458, 0.31091738
Predictive distribution ~ N(4.89289, 1.03327)

Add data point: ([1.         0.14989959 0.02246989 0.00336823], [1.07669887]):
Posterior mean:
  0.9966522586467802
  2.522111507923152
  2.8703149617350006
  3.072303477625165
Posterior variance:
  0.03126034, 0.00048004, -0.04633161, 0.00221349
  0.00048004, 0.15362028, 0.00272166, -0.19049265
  -0.04633161, 0.00272166, 0.12527247, -0.02170560
  0.00221349, -0.19049265, -0.02170560, 0.31023010
Predictive distribution ~ N(1.44956, 1.03268)

Add data point: ([1.         0.98513282 0.97048667 0.95605827], [7.59943805]):
Posterior mean:
  1.0128192711672854
  2.5623508111756093
  2.7871535509135428
  2.941268325753846
Posterior variance:
  0.03114836, 0.00020133, -0.04575561, 0.00312107
  0.00020133, 0.15292659, 0.00415530, -0.18823371
  -0.04575561, 0.00415530, 0.12230962, -0.02637409
  0.00312107, -0.18823371, -0.02637409, 0.30287409
Predictive distribution ~ N(9.05399, 1.09358)

Add data point: ([1.         0.29230494 0.08544218 0.02497517], [0.41770554]):
Posterior mean:
  0.9690302014071767
  2.4974784383996376
  2.842737114923823
  3.0157913251793707
Posterior variance:
  0.03042435, -0.00087128, -0.04483658, 0.00435325
  -0.00087128, 0.15133754, 0.00551682, -0.18640827
  -0.04483658, 0.00551682, 0.12114305, -0.02793815
  0.00435325, -0.18640827, -0.02793815, 0.30077709
Predictive distribution ~ N(2.01727, 1.03391)

Add data point: ([ 1.         -0.26935973  0.07255466 -0.0195433 ], [0.489717]):
Posterior mean:
  0.9702482316103396
  2.4958024859578636
  2.8410881403179826
  3.017871492742924
Posterior variance:
  0.02970236, 0.00012214, -0.04385915, 0.00312023
  0.00012214, 0.14997064, 0.00417192, -0.18471169
  -0.04385915, 0.00417192, 0.11981979, -0.02626888
  0.00312023, -0.18471169, -0.02626888, 0.29867132
Predictive distribution ~ N(0.44513, 1.03274)

Add data point: ([ 1.         -0.80117155  0.64187586 -0.51425268], [0.42871174]):
Posterior mean:
  0.9700771428226701
  2.4706651985177484
  2.8896645857309644
  2.9961240495156325
Posterior variance:
  0.02970234, 0.00011892, -0.04385292, 0.00311744
  0.00011892, 0.14949678, 0.00508763, -0.18512164
  -0.04385292, 0.00508763, 0.11805024, -0.02547666
  0.00311744, -0.18512164, -0.02547666, 0.29831665
Predictive distribution ~ N(-0.69531, 1.05254)

Add data point: ([1.         0.12532841 0.01570721 0.00196856], [0.62012264]):
Posterior mean:
  0.9500511287081465
  2.457856499386654
  2.9182271368068466
  3.0098472475648372
Posterior variance:
  0.02888442, -0.00040423, -0.04268634, 0.00367793
  -0.00040423, 0.14916217, 0.00583377, -0.18476315
  -0.04268634, 0.00583377, 0.11638639, -0.02627608
  0.00367793, -0.18476315, -0.02627608, 0.29793256
Predictive distribution ~ N(1.30985, 1.02976)

Add data point: ([1.         0.77658736 0.60308793 0.46835046], [6.82090103]):
Posterior mean:
  0.95353775093893
  2.482700848043145
  2.9333470631303085
  2.997495634784337
Posterior variance:
  0.02886440, -0.00054685, -0.04277314, 0.00374884
  -0.00054685, 0.14814590, 0.00521528, -0.18425790
  -0.04277314, 0.00521528, 0.11600998, -0.02596859
  0.00374884, -0.18425790, -0.02596859, 0.29768137
Predictive distribution ~ N(6.05452, 1.03295)

Add data point: ([1.         0.18428835 0.0339622  0.00625884], [2.15795059]):
Posterior mean:
  0.9702070746417195
  2.498421386288722
  2.910152454530814
  2.9796724283814147
Posterior variance:
  0.02813942, -0.00123056, -0.04176437, 0.00452400
  -0.00123056, 0.14750110, 0.00616664, -0.18352686
  -0.04176437, 0.00616664, 0.11460632, -0.02704719
  0.00452400, -0.18352686, -0.02704719, 0.29685255
Predictive distribution ~ N(1.54812, 1.02970)

Add data point: ([1.         0.64835934 0.42036983 0.27255071], [5.53340434]):
Posterior mean:
  0.9799139691692469
  2.5398061239502177
  2.9128299194225713
  2.940089537466984
Posterior variance:
  0.02802162, -0.00173282, -0.04179686, 0.00500439
  -0.00173282, 0.14535977, 0.00602810, -0.18147876
  -0.04179686, 0.00602810, 0.11459736, -0.02691469
  0.00500439, -0.18147876, -0.02691469, 0.29489362
Predictive distribution ~ N(4.65241, 1.02960)

Add data point: ([1.         0.29952851 0.08971733 0.0268729 ], [3.16344577]):
Posterior mean:
  1.004988206819668
  2.5791387568982627
  2.880884370944603
  2.8940669887582597
Posterior variance:
  0.02746829, -0.00260080, -0.04109189, 0.00602000
  -0.00260080, 0.14399822, 0.00713395, -0.17988562
  -0.04109189, 0.00713395, 0.11369920, -0.02820862
  0.00602000, -0.17988562, -0.02820862, 0.29302951
Predictive distribution ~ N(2.11375, 1.03026)

Add data point: ([1.         0.67883584 0.4608181  0.31281984], [3.49344495]):
Posterior mean:
  0.9924180713695671
  2.5178637357638687
  2.87024513880934
  2.948454484715927
Posterior variance:
  0.02739557, -0.00295528, -0.04115344, 0.00633463
  -0.00295528, 0.14227025, 0.00683392, -0.17835188
  -0.04115344, 0.00683392, 0.11364711, -0.02794231
  0.00633463, -0.17835188, -0.02794231, 0.29166817
Predictive distribution ~ N(4.94663, 1.02813)

Add data point: ([ 1.         -0.8850627   0.78333598 -0.69330145], [-0.82282466]):
Posterior mean:
  0.9911405246813283
  2.5178891224105717
  2.882058886966559
  2.936887742643142
Posterior variance:
  0.02735512, -0.00295448, -0.04077943, 0.00596844
  -0.00295448, 0.14227023, 0.00682648, -0.17834461
  -0.04077943, 0.00682648, 0.11018852, -0.02455604
  0.00596844, -0.17834461, -0.02455604, 0.28835270
Predictive distribution ~ N(-1.01588, 1.07642)

Add data point: ([ 1.00000000e+00 -5.89636749e-02  3.47671496e-03 -2.04999891e-04], [2.52634091]):
Posterior mean:
  1.035747169506372
  2.4995115238633803
  2.8156142258821433
  2.9635018989894086
Posterior variance:
  0.02662547, -0.00265387, -0.03969257, 0.00553310
  -0.00265387, 0.14214639, 0.00637871, -0.17816525
  -0.03969257, 0.00637871, 0.10856956, -0.02390757
  0.00553310, -0.17816525, -0.02390757, 0.28809295
Predictive distribution ~ N(0.89755, 1.02715)

Add data point: ([ 1.         -0.48906393  0.23918352 -0.11697603], [1.15503534]):
Posterior mean:
  1.053225842415452
  2.4505562485055785
  2.8018066125618404
  3.015841615483418
Posterior variance:
  0.02631923, -0.00179612, -0.03945064, 0.00461606
  -0.00179612, 0.13974397, 0.00570112, -0.17559675
  -0.03945064, 0.00570112, 0.10837845, -0.02318314
  0.00461606, -0.17559675, -0.02318314, 0.28534688
Predictive distribution ~ N(0.17211, 1.03153)

Add data point: ([ 1.         -0.72614782  0.52729066 -0.38289096], [-0.36140971]):
Posterior mean:
  1.0534315684300637
  2.4492117496795673
  2.8027197492404206
  3.016274889698893
Posterior variance:
  0.02629459, -0.00163511, -0.03956000, 0.00456417
  -0.00163511, 0.13869168, 0.00641579, -0.17525764
  -0.03956000, 0.00641579, 0.10789307, -0.02341345
  0.00456417, -0.17525764, -0.02341345, 0.28523761
Predictive distribution ~ N(-0.40211, 1.03549)

Add data point: ([1.         0.27227237 0.07413225 0.02018416], [1.81350347]):
Posterior mean:
  1.0495087114225736
  2.443574386936894
  2.807883547690727
  3.0229466459439287
Posterior variance:
  0.02578009, -0.00237447, -0.03888274, 0.00543920
  -0.00237447, 0.13762918, 0.00738904, -0.17400018
  -0.03888274, 0.00738904, 0.10700157, -0.02456528
  0.00543920, -0.17400018, -0.02456528, 0.28374941
Predictive distribution ~ N(1.98400, 1.02816)

Add data point: ([ 1.00000000e+00 -2.58859145e-02  6.70080572e-04 -1.73456484e-05], [0.00172162]):
Posterior mean:
  1.0246892523595783
  2.4492748033965253
  2.8453807566948934
  3.013407460244176
Posterior variance:
  0.02513051, -0.00222528, -0.03790135, 0.00518954
  -0.00222528, 0.13759491, 0.00716364, -0.17394284
  -0.03790135, 0.00716364, 0.10551889, -0.02418809
  0.00518954, -0.17394284, -0.02418809, 0.28365345
Predictive distribution ~ N(0.96314, 1.02529)

Add data point: ([ 1.         -0.43016258  0.18503984 -0.07959722], [-0.7409922]):
Posterior mean:
  1.0066068180940406
  2.4940826539237833
  2.8643071420358233
  2.962091088766074
Posterior variance:
  0.02479264, -0.00138805, -0.03754772, 0.00423070
  -0.00138805, 0.13552028, 0.00628734, -0.17156686
  -0.03754772, 0.00628734, 0.10514875, -0.02318450
  0.00423070, -0.17156686, -0.02318450, 0.28093235
Predictive distribution ~ N(0.22798, 1.02981)

Add data point: ([ 1.         -0.73260312  0.53670733 -0.39319347], [0.04234357]):
Posterior mean:
  1.0084975866157664
  2.479957355723328
  2.8753832159747788
  2.9654130502605707
Posterior variance:
  0.02477724, -0.00127299, -0.03763794, 0.00420364
