Add data point: (0.7772284870479569, 5.8520889497447754):
Posterior mean:
  1.8348311976936054
  1.426083075771791
  1.1083923913868066
  0.861474141413034
Posterior variance:
  0.68646560, -0.24368787, -0.18940115, -0.14720797
  -0.24368787, 0.81059885, -0.14720797, -0.11441423
  -0.18940115, -0.14720797, 0.88558577, -0.08892600
  -0.14720797, -0.11441423, -0.08892600, 0.93088418
Predictive distribution ~ N(4.01726, 1.68647)

Add data point: (-0.10101003326618829, 3.553997583778326):
Posterior mean:
  2.589772644617817
  1.0780940862309665
  0.9323446639446249
  0.7151075431624578
Posterior variance:
  0.39745354, -0.11046825, -0.12200531, -0.09117487
  -0.11046825, 0.74919149, -0.17827397, -0.14024259
  -0.12200531, -0.17827397, 0.86986947, -0.10199257
  -0.09117487, -0.14024259, -0.10199257, 0.92002059
Predictive distribution ~ N(2.48965, 1.42554)

Add data point: (0.2377448328846381, 1.0184902040509676):
Posterior mean:
  2.088239163440663
  1.0011695061656933
  1.0934020424336868
  0.8779968999034466
Posterior variance:
  0.30110395, -0.12524623, -0.09106458, -0.05988220
  -0.12524623, 0.74692486, -0.17352832, -0.13544296
  -0.09106458, -0.17352832, 0.85993348, -0.11204159
  -0.05988220, -0.13544296, -0.11204159, 0.90985727
Predictive distribution ~ N(2.39986, 1.26908)

Add data point: (0.41984356283779567, 3.6359970039360885):
Posterior mean:
  2.2430239490546713
  1.1014473044579511
  1.0793978313835393
  0.8310515403664074
Posterior variance:
  0.26051981, -0.15153879, -0.08739271, -0.04757325
  -0.15153879, 0.72989114, -0.17114949, -0.12746858
  -0.08739271, -0.17114949, 0.85960127, -0.11315524
  -0.04757325, -0.12746858, -0.11315524, 0.90612404
Predictive distribution ~ N(2.95723, 1.21955)

Add data point: (0.9654362958756673, 9.663731701876957):
Posterior mean:
  2.2216225213351892
  1.6955988490438596
  2.031144334900155
  1.9798895514090242
Posterior variance:
  0.26047311, -0.15024218, -0.08531574, -0.04506617
  -0.15024218, 0.69389450, -0.22881101, -0.19707088
  -0.08531574, -0.22881101, 0.76723569, -0.22464826
  -0.04506617, -0.19707088, -0.22464826, 0.77154260
Predictive distribution ~ N(7.53338, 1.53723)

Add data point: (-0.7464564895755368, -1.4989842780929163):
Posterior mean:
  1.8186420805213133
  2.5321185270161184
  1.3203970436571875
  2.3831146144114
Posterior variance:
  0.21032937, -0.04615220, -0.17375558, 0.00510801
  -0.04615220, 0.47782119, -0.04522475, -0.30122404
  -0.17375558, -0.04522475, 0.61125198, -0.13615473
  0.00510801, -0.30122404, -0.13615473, 0.72133796
Predictive distribution ~ N(-0.32695, 1.57584)

Add data point: (0.3376987856401916, 0.9448117750513689):
Posterior mean:
  1.5287638576945204
  2.369158989811934
  1.5265829299936056
  2.5227564952586627
Posterior variance:
  0.18457704, -0.06062927, -0.15543835, 0.01751358
  -0.06062927, 0.46968268, -0.03492744, -0.29425006
  -0.15543835, -0.03492744, 0.59822322, -0.14497861
  0.01751358, -0.29425006, -0.14497861, 0.71536188
Predictive distribution ~ N(2.60007, 1.16031)

Add data point: (-0.12728399209942265, 0.9977704268203416):
Posterior mean:
  1.4894854147747612
  2.3940773431745805
  1.5557720065786258
  2.5121692952121863
Posterior variance:
  0.15464269, -0.04163884, -0.13319317, 0.00944501
  -0.04163884, 0.45763509, -0.04903984, -0.28913134
  -0.13319317, -0.04903984, 0.58169211, -0.13898260
  0.00944501, -0.28913134, -0.13898260, 0.71318706
Predictive distribution ~ N(1.20478, 1.16852)

Add data point: (-0.18892581759034455, 1.0933247741389045):
Posterior mean:
  1.4918353965754176
  2.3921713482773814
  1.5542485536047232
  2.5129784865729023
Posterior variance:
  0.13353062, -0.02451552, -0.11950658, 0.00217529
  -0.02451552, 0.44374692, -0.06014060, -0.28323510
  -0.11950658, -0.06014060, 0.57281933, -0.13426976
  0.00217529, -0.28323510, -0.13426976, 0.71068381
Predictive distribution ~ N(1.07842, 1.15099)

Add data point: (-0.815485634099473, -1.0883061794863644):
Posterior mean:
  1.478826144127177
  2.4408700699539634
  1.485820549700525
  2.5561029526389007
Posterior variance:
  0.13037223, -0.01269242, -0.13611956, 0.01264506
  -0.01269242, 0.39948845, 0.00204828, -0.32242757
  -0.13611956, 0.00204828, 0.48543591, -0.07919928
  0.01264506, -0.32242757, -0.07919928, 0.67597747
Predictive distribution ~ N(-0.90978, 1.40519)

Add data point: (-0.024013490105441626, 1.30790456256656):
Posterior mean:
  1.4657635725677152
  2.4430985255435513
  1.4994121691054563
  2.5540692620533947
Posterior variance:
  0.11529256, -0.01011985, -0.12042915, 0.01029734
  -0.01011985, 0.39904957, -0.00062848, -0.32202705
  -0.12042915, -0.00062848, 0.46911002, -0.07675647
  0.01029734, -0.32202705, -0.07675647, 0.67561196
Predictive distribution ~ N(1.40793, 1.11587)

Add data point: (-0.6668458197814118, 1.3206847520431844):
Posterior mean:
  1.5489636625023402
  2.212942359269472
  1.6410018157249497
  2.542072218869975
Posterior variance:
  0.11183529, -0.00055601, -0.12631272, 0.01079586
  -0.00055601, 0.37259314, 0.01564723, -0.32340611
  -0.12631272, 0.01564723, 0.45909738, -0.07590809
  0.01079586, -0.32340611, -0.07590809, 0.67554008
Predictive distribution ~ N(0.04918, 1.19254)

Add data point: (-0.018257770001203433, 0.42611023237152856):
Posterior mean:
  1.4400677176444412
  2.220102736427623
  1.7641586552821027
  2.5258346168534493
Posterior variance:
  0.10059325, 0.00018320, -0.11359844, 0.00911954
  0.00018320, 0.37254454, 0.01481121, -0.32329588
  -0.11359844, 0.01481121, 0.44471804, -0.07401224
  0.00911954, -0.32329588, -0.07401224, 0.67529012
Predictive distribution ~ N(1.40011, 1.10063)

Add data point: (-0.7384689449887092, -1.3728424352906035):
Posterior mean:
  1.408708767517902
  2.343119166774584
  1.6311194207523565
  2.5838488262541204
Posterior variance:
  0.09961639, 0.00401526, -0.11774271, 0.01092673
  0.00401526, 0.35751196, 0.03106858, -0.33038521
  -0.11774271, 0.03106858, 0.42713610, -0.06634532
  0.01092673, -0.33038521, -0.06634532, 0.67194681
Predictive distribution ~ N(-0.47266, 1.19504)

Add data point: (-0.33402901041429045, 0.06663182053050504):
Posterior mean:
  1.359287285352116
  2.401227736593986
  1.676609168777047
  2.5320308671098934
Posterior variance:
  0.09312514, 0.01164752, -0.11176786, 0.00412071
  0.01164752, 0.34853813, 0.02404350, -0.32238285
  -0.11176786, 0.02404350, 0.42163659, -0.06008075
  0.00412071, -0.32238285, -0.06008075, 0.66481076
Predictive distribution ~ N(0.64991, 1.09584)

Add data point: (0.5699414016387598, 4.153872497587528):
Posterior mean:
  1.3823416033903533
  2.458098181778779
  1.6865796615018231
  2.5047283004386447
Posterior variance:
  0.08953710, 0.00279654, -0.11331961, 0.00836992
  0.00279654, 0.32670452, 0.02021564, -0.31190089
  -0.11331961, 0.02021564, 0.42096549, -0.05824306
  0.00836992, -0.31190089, -0.05824306, 0.65977855
Predictive distribution ~ N(3.79489, 1.13002)

Add data point: (0.4961591978820239, 3.9190787134015164):
Posterior mean:
  1.4164876972257678
  2.5283486534488238
  1.6829691182972502
  2.462007873513575
Posterior variance:
  0.08586754, -0.00475302, -0.11293160, 0.01296093
  -0.00475302, 0.31117242, 0.02101392, -0.30245558
  -0.11293160, 0.02101392, 0.42092446, -0.05872850
  0.01296093, -0.30245558, -0.05872850, 0.65403470
Predictive distribution ~ N(3.38597, 1.10553)

Add data point: (-0.14563300803881107, 0.015757076040750384):
Posterior mean:
  1.334539963887009
  2.5757788574610014
  1.7870865559186928
  2.4096557859676087
Posterior variance:
  0.07936768, -0.00099099, -0.10467330, 0.00880851
  -0.00099099, 0.30899501, 0.01623413, -0.30005221
  -0.10467330, 0.01623413, 0.41043200, -0.05345271
  0.00880851, -0.30005221, -0.05345271, 0.65138194
Predictive distribution ~ N(0.98988, 1.08154)

Add data point: (-0.25766378244292243, 1.489538380532799):
Posterior mean:
  1.3840815914922198
  2.5249569498927764
  1.731963864417604
  2.458450415633469
Posterior variance:
  0.07452064, 0.00398131, -0.09928022, 0.00403455
  0.00398131, 0.30389421, 0.01070168, -0.29515489
  -0.09928022, 0.01070168, 0.40443137, -0.04814095
  0.00403455, -0.29515489, -0.04814095, 0.64667997
Predictive distribution ~ N(0.80642, 1.07844)

Add data point: (0.7984128367628949, 6.408098228123575):
Posterior mean:
  1.3928640236848138
  2.5800105953455112
  1.8080105717300154
  2.49409388403975
Posterior variance:
  0.07429910, 0.00259260, -0.10119847, 0.00313546
  0.00259260, 0.29518893, -0.00132311, -0.30079097
  -0.10119847, -0.00132311, 0.38782129, -0.05592618
  0.00313546, -0.30079097, -0.05592618, 0.64303099
Predictive distribution ~ N(5.87471, 1.18285)

Add data point: (0.8412208832882664, 5.430468868601142):
Posterior mean:
  1.3879147287653057
  2.5278825576951403
  1.7059559683149188
  2.425499145269809
Posterior variance:
  0.07426195, 0.00220127, -0.10196461, 0.00262051
  0.00220127, 0.29106727, -0.00939235, -0.30621460
  -0.10196461, -0.00939235, 0.37202359, -0.06654440
  0.00262051, -0.30621460, -0.06654440, 0.63589408
Predictive distribution ~ N(6.16553, 1.18046)

Add data point: (0.7522816631217635, 6.831748676119874):
Posterior mean:
  1.4143895452177517
  2.6449690329030053
  1.8061872212615544
  2.4327930678883996
Posterior variance:
  0.07393053, 0.00073557, -0.10321931, 0.00252920
  0.00073557, 0.28458512, -0.01494136, -0.30661841
  -0.10321931, -0.01494136, 0.36727339, -0.06689008
  0.00252920, -0.30661841, -0.06689008, 0.63586892
Predictive distribution ~ N(5.46205, 1.11294)

Add data point: (0.3862936816212581, 2.795276090670244):
Posterior mean:
  1.4116273682029827
  2.640716697749137
  1.8089064602741147
  2.436974116342414
Posterior variance:
  0.07071263, -0.00421835, -0.10005143, 0.00740007
  -0.00421835, 0.27695864, -0.01006445, -0.29911978
  -0.10005143, -0.01006445, 0.36415476, -0.07168523
  0.00740007, -0.29911978, -0.07168523, 0.62849600
Predictive distribution ~ N(2.84213, 1.07426)

Add data point: (0.6350457307112238, 4.362011112104554):
Posterior mean:
  1.4094372517807756
  2.633979095451308
  1.807273433544021
  2.4407134852782977
Posterior variance:
  0.06990496, -0.00670304, -0.10065366, 0.00877907
  -0.00670304, 0.26931482, -0.01191712, -0.29487746
  -0.10065366, -0.01191712, 0.36370572, -0.07065700
  0.00877907, -0.29487746, -0.07065700, 0.62614151
Predictive distribution ~ N(4.43605, 1.07692)

Add data point: (-0.7602409152443259, -1.9499436664349652):
Posterior mean:
  1.3951146154185903
  2.732011800670193
  1.6419904163126795
  2.5323798389516052
Posterior variance:
  0.06976520, -0.00574641, -0.10226653, 0.00967357
  -0.00574641, 0.26276710, -0.00087767, -0.30099997
  -0.10226653, -0.00087767, 0.34509321, -0.06033446
  0.00967357, -0.30099997, -0.06033446, 0.62041661
Predictive distribution ~ N(-0.84557, 1.16904)

Add data point: (0.4497003742557206, 4.932502361205873):
Posterior mean:
  1.472419177995095
  2.8704842189814412
  1.5794021461921572
  2.3994607814328193
Posterior variance:
  0.06766799, -0.00950305, -0.10056857, 0.01327955
  -0.00950305, 0.25603799, 0.00216383, -0.29454072
  -0.10056857, 0.00216383, 0.34371849, -0.06325398
  0.01327955, -0.29454072, -0.06325398, 0.61421641
Predictive distribution ~ N(3.30089, 1.06575)

Add data point: (0.07916919751923501, 1.9170381857322791):
Posterior mean:
  1.4852407471136058
  2.87254108107183
  1.5603948344133767
  2.3975013989211567
Posterior variance:
  0.06354745, -0.01016408, -0.09446007, 0.01390925
  -0.01016408, 0.25593195, 0.00314376, -0.29443971
  -0.09446007, 0.00314376, 0.33466296, -0.06418747
  0.01390925, -0.29443971, -0.06418747, 0.61412018
Predictive distribution ~ N(1.72363, 1.06236)

Add data point: (0.8857986345597317, 7.303459864207907):
Posterior mean:
  1.4820576007048158
  2.8771561984712974
  1.6009818630049382
  2.439136784353531
Posterior variance:
  0.06346513, -0.01004473, -0.09341047, 0.01498597
  -0.01004473, 0.25575891, 0.00162199, -0.29600079
  -0.09341047, 0.00162199, 0.32127990, -0.07791622
  0.01498597, -0.29600079, -0.07791622, 0.60003683
Predictive distribution ~ N(6.98211, 1.16105)

Add data point: (0.8633263401072104, 7.887665966283859):
Posterior mean:
  1.476796005224053
  2.8989725376972757
  1.699720911066089
  2.5278878224464236
Posterior variance:
  0.06344159, -0.00994711, -0.09296865, 0.01538309
  -0.00994711, 0.25535415, -0.00020992, -0.29764739
  -0.09296865, -0.00020992, 0.31298885, -0.08536858
  0.01538309, -0.29764739, -0.08536858, 0.59333831
Predictive distribution ~ N(6.87302, 1.12449)

Add data point: (-0.4753841452966774, 0.25382583152671234):
Posterior mean:
  1.478588363436448
  2.8950572293075845
  1.6992102669660678
  2.530796228193043
Posterior variance:
  0.06152741, -0.00576570, -0.09242331, 0.01227702
  -0.00576570, 0.24622010, -0.00140120, -0.29086235
  -0.09242331, -0.00140120, 0.31283348, -0.08448366
  0.01227702, -0.29086235, -0.08448366, 0.58829818
Predictive distribution ~ N(0.21444, 1.07570)

Add data point: (-0.9121327526148557, -3.3084914663578973):
Posterior mean:
  1.5019042761652424
  2.9080044732574803
  1.4192531431645272
  2.817852995453454
Posterior variance:
  0.06125117, -0.00591910, -0.08910640, 0.00887599
  -0.00591910, 0.24613492, 0.00044067, -0.29275092
  -0.08910640, 0.00044067, 0.27300695, -0.04364714
  0.00887599, -0.29275092, -0.04364714, 0.54642606
Predictive distribution ~ N(-2.10820, 1.26791)

Add data point: (-0.08371449101252337, 0.9509589653407612):
Posterior mean:
  1.4837423654997834
  2.915834601595992
  1.4451673503188993
  2.8081187137052126
Posterior variance:
  0.05773624, -0.00440371, -0.08409114, 0.00699209
  -0.00440371, 0.24548159, -0.00172156, -0.29193872
  -0.08409114, -0.00172156, 0.26585096, -0.04095910
  0.00699209, -0.29193872, -0.04095910, 0.54541634
Predictive distribution ~ N(1.24813, 1.05899)

Add data point: (0.22149531132198796, 2.0364831909872003):
Posterior mean:
  1.4740598457364844
  2.907254004049481
  1.4583700178380128
  2.8179926960562827
Posterior variance:
  0.05511243, -0.00672892, -0.08051343, 0.00966779
  -0.00672892, 0.24342100, 0.00144900, -0.28956753
  -0.08051343, 0.00144900, 0.26097254, -0.04460757
  0.00966779, -0.28956753, -0.04460757, 0.54268774
Predictive distribution ~ N(2.22017, 1.05567)

Add data point: (-0.7140195438646282, -0.5507261399301355):
Posterior mean:
  1.4786931174347553
  2.884800660484352
  1.4788168100482115
  2.8168249233262608
Posterior variance:
  0.05489908, -0.00569501, -0.08145494, 0.00972156
  -0.00569501, 0.23841057, 0.00601168, -0.28982812
  -0.08145494, 0.00601168, 0.25681761, -0.04437027
  0.00972156, -0.28982812, -0.04437027, 0.54267418
Predictive distribution ~ N(-0.85257, 1.09454)

Add data point: (-0.16051546011348994, 1.2633000686605533):
Posterior mean:
  1.4899118137187155
  2.875894550405733
  1.463011267613721
  2.8278725598420573
Posterior variance:
  0.05217697, -0.00353404, -0.07761988, 0.00704096
  -0.00353404, 0.23669505, 0.00296716, -0.28770009
  -0.07761988, 0.00296716, 0.25141456, -0.04059369
  0.00704096, -0.28770009, -0.04059369, 0.54003446
Predictive distribution ~ N(1.05429, 1.05513)

Add data point: (-0.04156253337988436, -0.0032840978205829208):
Posterior mean:
  1.4216890041262171
  2.8933405650853468
  1.5640671285566201
  2.803179704277207
Posterior variance:
  0.04958939, -0.00287233, -0.07378698, 0.00610440
  -0.00287233, 0.23652584, 0.00198701, -0.28746059
  -0.07378698, 0.00198701, 0.24573704, -0.03920639
  0.00610440, -0.28746059, -0.03920639, 0.53969547
Predictive distribution ~ N(1.30394, 1.04998)

Add data point: (0.14878493723472852, 1.244484657854154):
Posterior mean:
  1.3922008035134197
  2.873857148470432
  1.6063505753561793
  2.825354287211394
Posterior variance:
  0.04743739, -0.00429420, -0.07070121, 0.00772266
  -0.00429420, 0.23558638, 0.00402584, -0.28639137
  -0.07070121, 0.00402584, 0.24131231, -0.04152684
  0.00772266, -0.28639137, -0.04152684, 0.53847857
Predictive distribution ~ N(1.86465, 1.04816)

Add data point: (0.7210055516436673, 5.370902612047856):
Posterior mean:
  1.3923242899655237
  2.8745677088216386
  1.6068463490914109
  2.8251360390091977
Posterior variance:
  0.04733460, -0.00488565, -0.07111388, 0.00790432
  -0.00488565, 0.23218307, 0.00165127, -0.28534605
  -0.07111388, 0.00165127, 0.23965553, -0.04079749
  0.00790432, -0.28534605, -0.04079749, 0.53815750
Predictive distribution ~ N(5.35912, 1.06446)

Add data point: (0.6232290051415654, 4.12310682953216):
Posterior mean:
  1.3858281517842639
  2.849611331711399
  1.6022578087831212
  2.8445409450450487
Posterior variance:
  0.04700725, -0.00614326, -0.07134511, 0.00888218
  -0.00614326, 0.22735170, 0.00076297, -0.28158940
  -0.07134511, 0.00076297, 0.23949220, -0.04010678
  0.00888218, -0.28158940, -0.04010678, 0.53523651
Predictive distribution ~ N(4.47271, 1.05189)

Add data point: (-0.5446574829483819, 0.8982928115628996):
Posterior mean:
  1.4131591018762986
  2.7666455302826485
  1.607935365221576
  2.9074426996153573
Posterior variance:
  0.04628402, -0.00394784, -0.07149534, 0.00721769
  -0.00394784, 0.22068730, 0.00121903, -0.27653669
  -0.07149534, 0.00121903, 0.23946099, -0.04045255
  0.00721769, -0.27653669, -0.04045255, 0.53140572
Predictive distribution ~ N(-0.08648, 1.06106)

Add data point: (0.7581120540912498, 5.555948115771294):
Posterior mean:
  1.4124313955845058
  2.760714058047609
  1.6012058852153725
  2.906644539419961
Posterior variance:
  0.04625731, -0.00416562, -0.07174242, 0.00718839
  -0.00416562, 0.21891222, -0.00079487, -0.27677555
  -0.07174242, -0.00079487, 0.23717615, -0.04072355
  0.00718839, -0.27677555, -0.04072355, 0.53137358
Predictive distribution ~ N(5.69209, 1.06484)

Add data point: (-0.4051333020207679, -0.36800472720304234):
Posterior mean:
  1.3877042944284488
  2.8123831611031633
  1.6218401955225574
  2.8530904020151167
Posterior variance:
  0.04505083, -0.00164460, -0.07073564, 0.00457539
  -0.00164460, 0.21364435, -0.00289862, -0.27131550
  -0.07073564, -0.00289862, 0.23633600, -0.03854305
  0.00457539, -0.27131550, -0.03854305, 0.52571432
Predictive distribution ~ N(0.32479, 1.05292)

Add data point: (0.35921674703687434, 2.3673530570874934):
Posterior mean:
  1.3750937939778467
  2.7903336539583736
  1.6371196155753052
  2.87916353616931
Posterior variance:
  0.04384631, -0.00375069, -0.06927620, 0.00706581
  -0.00375069, 0.20996183, -0.00034679, -0.26696099
  -0.06927620, -0.00034679, 0.23456768, -0.04156055
  0.00706581, -0.26696099, -0.04156055, 0.52056520
Predictive distribution ~ N(2.72213, 1.04663)

Add data point: (-0.1615605633692545, 0.1305990823933274):
Posterior mean:
  1.3415343956153885
  2.819121706039348
  1.6866719020883842
  2.8422163326211667
Posterior variance:
  0.04211133, -0.00226238, -0.06671440, 0.00515568
  -0.00226238, 0.20868512, -0.00254436, -0.26532243
  -0.06671440, -0.00254436, 0.23078504, -0.03874014
  0.00515568, -0.26532243, -0.03874014, 0.51846224
Predictive distribution ~ N(0.91812, 1.04460)

Add data point: (0.46235964467485413, 2.0480519919312106):
Posterior mean:
  1.3092075203556268
  2.739282066605826
  1.7131644815819407
  2.930457476587628
Posterior variance:
  0.04139838, -0.00402320, -0.06613012, 0.00710179
  -0.00402320, 0.20433632, -0.00110133, -0.26051600
  -0.06613012, -0.00110133, 0.23030621, -0.04033502
  0.00710179, -0.26051600, -0.04033502, 0.51315003
Predictive distribution ~ N(3.23163, 1.04429)

Add data point: (0.900096040283497, 6.488253472561508):
Posterior mean:
  1.3167966986114519
  2.7471208168880956
  1.6488168821859719
  2.8488981350587177
Posterior variance:
  0.04129905, -0.00412579, -0.06528796, 0.00816921
  -0.00412579, 0.20423035, -0.00023147, -0.25941348
  -0.06528796, -0.00023147, 0.22316567, -0.04938552
  0.00816921, -0.25941348, -0.04938552, 0.50167869
Predictive distribution ~ N(7.20281, 1.11948)

Add data point: (0.5045210950948962, 4.115622168243247):
Posterior mean:
  1.3310083495849356
  2.7865076802543896
  1.6398372987623064
  2.8063170654509477
Posterior variance:
  0.04076329, -0.00561063, -0.06494944, 0.00977446
  -0.00561063, 0.20011522, 0.00070671, -0.25496461
  -0.06494944, 0.00070671, 0.22295178, -0.05039979
  0.00977446, -0.25496461, -0.05039979, 0.49686903
Predictive distribution ~ N(3.51466, 1.04197)

Add data point: (-0.329467443494861, -0.9203608955223044):
Posterior mean:
  1.283645792952529
  2.8703685146784417
  1.6925352066544956
  2.7114408116643376
Posterior variance:
  0.03958129, -0.00351777, -0.06363429, 0.00740669
  -0.00351777, 0.19640956, -0.00162191, -0.25077221
  -0.06363429, -0.00162191, 0.22148848, -0.04776530
  0.00740669, -0.25077221, -0.04776530, 0.49212594
Predictive distribution ~ N(0.42471, 1.04669)

Add data point: (0.2879864847313811, 2.4079043814316):
Posterior mean:
  1.2866174424050205
  2.874534763000009
  1.6883732767268538
  2.7063779284918463
Posterior variance:
  0.03850609, -0.00502520, -0.06212842, 0.00923855
  -0.00502520, 0.19429614, 0.00048933, -0.24820394
  -0.06212842, 0.00048933, 0.21937943, -0.05033090
  0.00923855, -0.24820394, -0.05033090, 0.48900494
Predictive distribution ~ N(2.31911, 1.04006)

Add data point: (0.9184747043451864, 8.458384704059533):
Posterior mean:
  1.2764948266582306
  2.858080147897304
  1.7635557409558773
  2.8112364853751
Posterior variance:
  0.03839224, -0.00521026, -0.06128288, 0.01041784
  -0.00521026, 0.19399532, 0.00186377, -0.24628697
  -0.06128288, 0.00186377, 0.21309948, -0.05908968
  0.01041784, -0.24628697, -0.05908968, 0.47678889
Predictive distribution ~ N(7.56750, 1.11822)

Add data point: (0.8546211747877741, 5.267570358886629):
Posterior mean:
  1.2824696825539852
  2.8467153238983527
  1.6818096002277265
  2.7359693804572127
Posterior variance:
  0.03837498, -0.00517742, -0.06104670, 0.01063530
  -0.00517742, 0.19393287, 0.00141453, -0.24670061
  -0.06104670, 0.00141453, 0.20986812, -0.06206493
  0.01063530, -0.24670061, -0.06206493, 0.47404946
Predictive distribution ~ N(6.65147, 1.07390)

Add data point: (0.6800249620094558, 4.321024687804837):
Posterior mean:
  1.2773395943898294
  2.82109892369287
  1.6728304088690327
  2.7548846797029487
Posterior variance:
  0.03827946, -0.00565439, -0.06121389, 0.01098750
  -0.00565439, 0.19155119, 0.00057969, -0.24494197
  -0.06121389, 0.00057969, 0.20957549, -0.06144848
  0.01098750, -0.24494197, -0.06144848, 0.47275086
Predictive distribution ~ N(4.83565, 1.03876)

Add data point: (-0.4719409275066815, 0.3844480031432461):
Posterior mean:
  1.286189554517441
  2.7973563153542758
  1.670005499402098
  2.7762682789362048
Posterior variance:
  0.03762823, -0.00390729, -0.06100602, 0.00941398
  -0.00390729, 0.18686407, 0.00002202, -0.24072054
  -0.06100602, 0.00002202, 0.20950914, -0.06094621
  0.00941398, -0.24072054, -0.06094621, 0.46894887
Predictive distribution ~ N(0.04613, 1.04832)

Add data point: (0.36387109074288926, 3.6552903980292704):
Posterior mean:
  1.3135774540431309
  2.847654829267885
  1.6353237263984077
  2.715275130956652
Posterior variance:
  0.03684255, -0.00535021, -0.06001109, 0.01116370
  -0.00535021, 0.18421411, 0.00184921, -0.23750714
  -0.06001109, 0.00184921, 0.20824925, -0.06316192
  0.01116370, -0.23750714, -0.06316192, 0.46505223
Predictive distribution ~ N(2.69709, 1.03830)

Add data point: (0.2208311210136158, 1.409773173751203):
Posterior mean:
  1.2932533004658235
  2.8273259305723277
  1.6663328190734092
  2.7396217538972767
Posterior variance:
  0.03580188, -0.00639113, -0.05842331, 0.01241035
  -0.00639113, 0.18317294, 0.00343737, -0.23626021
  -0.05842331, 0.00343737, 0.20582672, -0.06506395
  0.01241035, -0.23626021, -0.06506395, 0.46355885
Predictive distribution ~ N(2.02838, 1.03591)

Add data point: (0.4114607902313372, 2.9589448604478608):
Posterior mean:
  1.2939379318730846
  2.8288315802889406
  1.6655759053742543
  2.7378205450368043
Posterior variance:
  0.03523969, -0.00762749, -0.05780177, 0.01388940
  -0.00762749, 0.18045393, 0.00480426, -0.23300745
  -0.05780177, 0.00480426, 0.20513956, -0.06669916
  0.01388940, -0.23300745, -0.06669916, 0.45966758
Predictive distribution ~ N(2.93059, 1.03573)

Add data point: (-0.9780958266087116, -1.669224593256952):
Posterior mean:
  1.2794111139487845
  2.850681777455679
  1.7769159567348556
  2.5947107514863674
Posterior variance:
  0.03475817, -0.00690321, -0.05411114, 0.00914569
  -0.00690321, 0.17936453, -0.00074691, -0.22587231
  -0.05411114, -0.00074691, 0.17685295, -0.03034125
  0.00914569, -0.22587231, -0.03034125, 0.41293531
Predictive distribution ~ N(-2.23682, 1.26489)

Add data point: (-0.9064056447894873, -1.2266036487444236):
Posterior mean:
  1.2746056827809153
  2.8497948844645977
  1.83056859609303
  2.539138261873083
Posterior variance:
  0.03466864, -0.00691974, -0.05311150, 0.00811028
  -0.00691974, 0.17936148, -0.00056242, -0.22606340
  -0.05311150, -0.00056242, 0.16569199, -0.01878092
  0.00811028, -0.22606340, -0.01878092, 0.40096132
Predictive distribution ~ N(-1.69536, 1.14805)

Add data point: (0.35451512676009056, 2.016697603934078):
Posterior mean:
  1.2593149435807012
  2.8223303705722262
  1.8502405880369563
  2.572508714862913
Posterior variance:
  0.03402085, -0.00808325, -0.05227811, 0.00952400
  -0.00808325, 0.17727162, 0.00093448, -0.22352415
  -0.05227811, 0.00093448, 0.16461981, -0.02059971
  0.00952400, -0.22352415, -0.02059971, 0.39787603
Predictive distribution ~ N(2.60703, 1.03446)

Add data point: (0.09593601881675595, 1.0724265663821375):
Posterior mean:
  1.2441852696077422
  2.818297938153933
  1.8736426259593546
  2.577936999973887
Posterior variance:
  0.03298125, -0.00836033, -0.05067010, 0.00989699
  -0.00836033, 0.17719778, 0.00136305, -0.22342474
  -0.05067010, 0.00136305, 0.16213258, -0.02117664
  0.00989699, -0.22342474, -0.02117664, 0.39774220
Predictive distribution ~ N(1.53408, 1.03207)

Add data point: (-0.20319732090410958, 1.462684514716873):
Posterior mean:
  1.2671959378504405
  2.788257135179218
  1.8424412576302078
  2.614100745698949
Posterior variance:
  0.03196423, -0.00703259, -0.04929106, 0.00829863
  -0.00703259, 0.17546438, -0.00043730, -0.22133804
  -0.04929106, -0.00043730, 0.16026267, -0.01900933
  0.00829863, -0.22133804, -0.01900933, 0.39523020
Predictive distribution ~ N(0.75477, 1.03742)

Add data point: (-0.5059299216533113, 2.265883756011913):
Posterior mean:
  1.3146985166551108
  2.6419163243869157
  1.830285439749763
  2.753866136993562
Posterior variance:
  0.03150865, -0.00562910, -0.04917448, 0.00695820
  -0.00562910, 0.17114066, -0.00079646, -0.21720860
  -0.04917448, -0.00079646, 0.16023284, -0.01866632
  0.00695820, -0.21720860, -0.01866632, 0.39128630
Predictive distribution ~ N(0.08994, 1.04408)

Add data point: (-0.4655585732568195, -1.1626278881605239):
Posterior mean:
  1.2848804034393653
  2.7251541708670475
  1.8462500849442127
  2.6693288502311128
Posterior variance:
  0.03101170, -0.00424185, -0.04890841, 0.00554929
  -0.00424185, 0.16726813, -0.00153919, -0.21327561
  -0.04890841, -0.00153919, 0.16009039, -0.01791199
  0.00554929, -0.21327561, -0.01791199, 0.38729191
Predictive distribution ~ N(0.14697, 1.04141)

Add data point: (-0.4555023701962362, 1.0624121752704156):
Posterior mean:
  1.3038760224090118
  2.6734719434112098
  1.8349077609911408
  2.722531053354319
Posterior variance:
  0.03053530, -0.00294570, -0.04862395, 0.00421502
  -0.00294570, 0.16374163, -0.00231312, -0.20964540
  -0.04862395, -0.00231312, 0.15992054, -0.01711529
  0.00421502, -0.20964540, -0.01711529, 0.38355493
Predictive distribution ~ N(0.20951, 1.03959)

Add data point: (0.44293131428612664, 3.349967099884727):
Posterior mean:
  1.309025225002792
  2.6865414878605787
  1.8298345793347166
  2.707468784729806
Posterior variance:
  0.03014609, -0.00393357, -0.04824049, 0.00535352
  -0.00393357, 0.16123423, -0.00133983, -0.20675569
  -0.04824049, -0.00133983, 0.15954273, -0.01823699
  0.00535352, -0.20675569, -0.01823699, 0.38022463
Predictive distribution ~ N(3.09324, 1.03254)

Add data point: (0.6122234617203353, 6.055090922377966):
Posterior mean:
  1.327937169617993
  2.767907292585627
  1.8412213488583076
  2.6365609451073206
Posterior variance:
  0.03003136, -0.00442721, -0.04830957, 0.00578371
  -0.00442721, 0.15911043, -0.00163705, -0.20490486
  -0.04830957, -0.00163705, 0.15950114, -0.01797797
  0.00578371, -0.20490486, -0.01797797, 0.37861169
Predictive distribution ~ N(4.31765, 1.03162)

Add data point: (-0.9930653741899, -3.030673613248947):
Posterior mean:
  1.340710662601497
  2.7431273380745766
  1.7544648821931739
  2.7578470566363955
Posterior variance:
  0.02974550, -0.00387267, -0.04636808, 0.00306949
  -0.00387267, 0.15803464, -0.00540345, -0.19963940
  -0.04636808, -0.00540345, 0.14631468, 0.00045678
  0.00306949, -0.19963940, 0.00045678, 0.35283978
Predictive distribution ~ N(-2.35405, 1.19791)

Add data point: (0.775853694318118, 6.68170025090815):
Posterior mean:
  1.3409291401360373
  2.761597354546335
  1.7857824575950332
  2.7688362785564378
Posterior variance:
  0.02974544, -0.00387827, -0.04637757, 0.00306616
  -0.00387827, 0.15756154, -0.00620564, -0.19992089
  -0.04637757, -0.00620564, 0.14495450, -0.00002050
  0.00306616, -0.19992089, -0.00002050, 0.35267230
Predictive distribution ~ N(5.85159, 1.04436)

Add data point: (0.7406050504887429, 6.35030550327119):
Posterior mean:
  1.343148839513396
  2.784944575686609
  1.8094011796411875
  2.7673911043632056
Posterior variance:
  0.02973852, -0.00395105, -0.04645120, 0.00307067
  -0.00395105, 0.15679593, -0.00698015, -0.19987350
  -0.04645120, -0.00698015, 0.14417098, 0.00002744
  0.00307067, -0.19987350, 0.00002744, 0.35266936
Predictive distribution ~ N(5.52231, 1.03707)

Add data point: (-0.2655143755250229, 2.195724125324031):
Posterior mean:
  1.3833573477890921
  2.72294711291758
  1.758971542826525
  2.8399434049278787
Posterior variance:
  0.02901045, -0.00282845, -0.04553806, 0.00175694
  -0.00282845, 0.15506498, -0.00838813, -0.19784786
  -0.04553806, -0.00838813, 0.14302571, 0.00167512
  0.00175694, -0.19784786, 0.00167512, 0.35029887
Predictive distribution ~ N(0.73122, 1.03413)

Add data point: (0.24996161759223767, 1.2530331887216464):
Posterior mean:
  1.3594861356062153
  2.692676523157896
  1.795194043949925
  2.879397011372035
Posterior variance:
  0.02838015, -0.00362772, -0.04458163, 0.00279868
  -0.00362772, 0.15405145, -0.00717530, -0.19652685
  -0.04458163, -0.00717530, 0.14157442, 0.00009437
  0.00279868, -0.19652685, 0.00009437, 0.34857712
Predictive distribution ~ N(2.18969, 1.02959)

Add data point: (-0.26429062967285, -0.2305206734662506):
Posterior mean:
  1.335421349035818
  2.7305715695689337
  1.825349996738996
  2.834978266052439
Posterior variance:
  0.02771756, -0.00258433, -0.04375133, 0.00157568
  -0.00258433, 0.15240842, -0.00848278, -0.19460098
  -0.04375133, -0.00848278, 0.14053396, 0.00162694
  0.00157568, -0.19460098, 0.00162694, 0.34631970
Predictive distribution ~ N(0.68892, 1.03277)

Add data point: (-0.44407123092973855, -0.11850227146837339):
Posterior mean:
  1.3285780483712382
  2.7492621041009517
  1.8295764922215827
  2.8152357460775113
Posterior variance:
  0.02732797, -0.00152027, -0.04351071, 0.00045172
  -0.00152027, 0.14950223, -0.00913996, -0.19153122
  -0.04351071, -0.00913996, 0.14038535, 0.00232110
  0.00045172, -0.19153122, 0.00232110, 0.34307716
Predictive distribution ~ N(0.22197, 1.03563)

Add data point: (-0.5972978019321593, -1.6124411905077718):
Posterior mean:
  1.3121716472213953
  2.8185254221388134
  1.8145721501032983
  2.7598748571487244
Posterior variance:
  0.02717483, -0.00087377, -0.04365076, -0.00006501
  -0.00087377, 0.14677291, -0.00854871, -0.18934972
  -0.04365076, -0.00854871, 0.14025727, 0.00184853
  -0.00006501, -0.18934972, 0.00184853, 0.34133353
Predictive distribution ~ N(-0.31207, 1.03798)

Add data point: (-0.8792325209754845, -0.38915475757462614):
Posterior mean:
  1.305627987796272
  2.809624669378735
  1.8953143893468543
  2.6869530605682503
Posterior variance:
  0.02714469, -0.00091477, -0.04327888, -0.00040088
  -0.00091477, 0.14671714, -0.00804287, -0.18980657
  -0.04327888, -0.00804287, 0.13566855, 0.00599280
  -0.00040088, -0.18980657, 0.00599280, 0.33759066
Predictive distribution ~ N(-1.52581, 1.09062)

Add data point: (0.6885964661401849, 4.394828829282127):
Posterior mean:
  1.3020970163479146
  2.788949786466419
  1.8847930688420613
  2.697814325412867
Posterior variance:
  0.02711139, -0.00110979, -0.04337812, -0.00029842
  -0.00110979, 0.14557522, -0.00862399, -0.18920667
  -0.04337812, -0.00862399, 0.13537283, 0.00629808
  -0.00029842, -0.18920667, 0.00629808, 0.33727551
Predictive distribution ~ N(4.99712, 1.03091)

Add data point: (-0.7349701484978659, -1.0874706729111747):
Posterior mean:
  1.3008333296472103
  2.799260764077971
  1.8755935785238693
  2.6955515914771397
Posterior variance:
  0.02709106, -0.00094395, -0.04352609, -0.00033482
  -0.00094395, 0.14422198, -0.00741662, -0.18890971
  -0.04352609, -0.00741662, 0.13429561, 0.00603313
  -0.00033482, -0.18890971, 0.00603313, 0.33721035
Predictive distribution ~ N(-0.81356, 1.04502)

Add data point: (-0.3388487957619759, 0.9247187632636084):
Posterior mean:
  1.3108701521669095
  2.779875206335089
  1.8640343188925614
  2.718488412403381
Posterior variance:
  0.02660378, -0.00000280, -0.04296490, -0.00144838
  -0.00000280, 0.14240421, -0.00850053, -0.18675893
  -0.04296490, -0.00850053, 0.13364930, 0.00731560
  -0.00144838, -0.18675893, 0.00731560, 0.33466556
Predictive distribution ~ N(0.47717, 1.03114)

Add data point: (-0.540154287582955, 0.4278001215917414):
Posterior mean:
  1.3178300715182547
  2.755550641729654
  1.8637754353556222
  2.7422539355165774
Posterior variance:
  0.02640597, 0.00068855, -0.04295755, -0.00212383
  0.00068855, 0.13998799, -0.00852625, -0.18439824
  -0.04295755, -0.00852625, 0.13364902, 0.00734072
  -0.00212383, -0.18439824, 0.00734072, 0.33235913
Predictive distribution ~ N(-0.05898, 1.03236)

Add data point: (0.408995012256854, 3.6554372841558944):
Posterior mean:
  1.3311997236305915
  2.7858733759257195
  1.847484335308811
  2.70524905280827
Posterior variance:
  0.02604210, -0.00013671, -0.04251417, -0.00111672
  -0.00013671, 0.13811628, -0.00752066, -0.18211407
  -0.04251417, -0.00752066, 0.13310877, 0.00611353
  -0.00111672, -0.18211407, 0.00611353, 0.32957160
Predictive distribution ~ N(2.96473, 1.02884)

Add data point: (0.7570902446992893, 7.0326882216954925):
Posterior mean:
  1.3326214277314339
  2.81349577860849
  1.8877469738931882
  2.715110524355355
Posterior variance:
  0.02604097, -0.00015876, -0.04254632, -0.00112459
  -0.00015876, 0.13768775, -0.00814529, -0.18226706
  -0.04254632, -0.00814529, 0.13219830, 0.00589053
  -0.00112459, -0.18226706, 0.00589053, 0.32951698
Predictive distribution ~ N(5.72295, 1.03655)

Add data point: (-0.9714609469266988, -1.0028248536566164):
Posterior mean:
  1.3202265085336549
  2.8379465446341428
  1.9689905233288287
  2.5994658020858212
Posterior variance:
  0.02589603, 0.00012715, -0.04159631, -0.00247686
  0.00012715, 0.13712375, -0.01001932, -0.17959951
  -0.04159631, -0.01001932, 0.12597140, 0.01475411
  -0.00247686, -0.17959951, 0.01475411, 0.31690028
Predictive distribution ~ N(-1.96172, 1.13257)

Add data point: (0.6673045362707866, 4.312873113877924):
Posterior mean:
  1.3166288165072029
  2.8198563262861986
  1.9624631136974044
  2.6110197178586443
Posterior variance:
  0.02585209, -0.00009382, -0.04167604, -0.00233573
  -0.00009382, 0.13601265, -0.01042023, -0.17888987
  -0.04167604, -0.01042023, 0.12582674, 0.01501016
  -0.00233573, -0.17888987, 0.01501016, 0.31644705
Predictive distribution ~ N(4.84807, 1.02752)

Add data point: (-0.7886455293462356, -0.349425720066417):
Posterior mean:
  1.3173070976763035
  2.8044775461978415
  1.984528173333993
  2.6068122964178304
Posterior variance:
  0.02585082, -0.00006518, -0.04171714, -0.00232790
  -0.00006518, 0.13536327, -0.00948852, -0.17906753
  -0.04171714, -0.00948852, 0.12448994, 0.01526507
  -0.00232790, -0.17906753, 0.01526507, 0.31639844
Predictive distribution ~ N(-0.93879, 1.04627)

Add data point: (0.960451693742779, 10.096498930713963):
Posterior mean:
  1.2918386299922466
  2.7398278928935063
  2.11833787364151
  2.8140749329018506
Posterior variance:
  0.02565763, -0.00055559, -0.04070210, -0.00075567
  -0.00055559, 0.13411840, -0.00691192, -0.17507655
  -0.04070210, -0.00691192, 0.11915699, 0.00700466
  -0.00075567, -0.17507655, 0.00700466, 0.30360360
Predictive distribution ~ N(8.37064, 1.11284)

Add data point: (-0.4376145299269434, -0.11015573828676872):
Posterior mean:
  1.2852677066032538
  2.756427173294919
  2.123923545262475
  2.795356740116004
Posterior variance:
  0.02533741, 0.00025332, -0.04042990, -0.00166784
  0.00025332, 0.13207495, -0.00759954, -0.17277225
  -0.04042990, -0.00759954, 0.11892560, 0.00778006
  -0.00166784, -0.17277225, 0.00778006, 0.30100516
Predictive distribution ~ N(0.25149, 1.03003)

Add data point: (0.5331493917284686, 2.681165873854787):
Posterior mean:
  1.2705451640905303
  2.711033701472201
  2.134110105393235
  2.8446407994459317
Posterior variance:
  0.02515386, -0.00031264, -0.04030289, -0.00105337
  -0.00031264, 0.13032995, -0.00720795, -0.17087769
  -0.04030289, -0.00720795, 0.11883773, 0.00735491
  -0.00105337, -0.17087769, 0.00735491, 0.29894822
Predictive distribution ~ N(3.75364, 1.02594)

Add data point: (-0.8269448033254714, -1.0444389798962606):
Posterior mean:
  1.2704330818391953
  2.709850719682472
  2.1371973174748216
  2.8429247060308604
Posterior variance:
  0.02515157, -0.00033676, -0.04023994, -0.00108836
  -0.00033676, 0.13007535, -0.00654352, -0.17124703
  -0.04023994, -0.00654352, 0.11710377, 0.00831877
  -0.00108836, -0.17124703, 0.00831877, 0.29841243
Predictive distribution ~ N(-1.11663, 1.05185)

Add data point: (0.11642325113293994, 2.5010965867759154):
Posterior mean:
  1.2915503937345343
  2.7222709266589113
  2.103326220951338
  2.8253520312249507
Posterior variance:
  0.02456323, -0.00068280, -0.03929627, -0.00059878
  -0.00068280, 0.12987183, -0.00598850, -0.17095908
  -0.03929627, -0.00598850, 0.11559017, 0.00753350
  -0.00059878, -0.17095908, 0.00753350, 0.29800503
Predictive distribution ~ N(1.64145, 1.02504)

Add data point: (-0.3978130085164455, -0.33778546444009216):
Posterior mean:
  1.2788410586307222
  2.751249472126968
  2.1163365615916643
  2.791393187893795
Posterior variance:
  0.02422521, 0.00008792, -0.03895025, -0.00150195
  0.00008792, 0.12811452, -0.00677747, -0.16889975
  -0.03895025, -0.00677747, 0.11523595, 0.00845806
  -0.00150195, -0.16889975, 0.00845806, 0.29559179
Predictive distribution ~ N(0.34354, 1.02857)

Add data point: (0.06689918960730479, -0.13842885328612597):
Posterior mean:
  1.2409964704062333
  2.737755209999876
  2.17750972968172
  2.811332831867288
Posterior variance:
  0.02366032, -0.00011351, -0.03803714, -0.00120432
  -0.00011351, 0.12804270, -0.00645188, -0.16879363
  -0.03803714, -0.00645188, 0.11375997, 0.00797696
  -0.00120432, -0.16879363, 0.00797696, 0.29543497
Predictive distribution ~ N(1.43474, 1.02387)

Add data point: (-0.208495898940664, -1.4962534469790203):
Posterior mean:
  1.192955039876299
  2.793466864681398
  2.246862487032449
  2.7423320068314077
Posterior variance:
  0.02318667, 0.00043577, -0.03735337, -0.00188461
  0.00043577, 0.12740573, -0.00724481, -0.16800472
  -0.03735337, -0.00724481, 0.11277289, 0.00895903
  -0.00188461, -0.16800472, 0.00895903, 0.29445788
Predictive distribution ~ N(0.68335, 1.02506)

Add data point: (-0.9059298474056514, -1.5502668171898621):
Posterior mean:
  1.1930604173811226
  2.793401948274458
  2.2459640735056325
  2.7433308493705204
Posterior variance:
  0.02314801, 0.00045958, -0.03702383, -0.00225099
  0.00045958, 0.12739106, -0.00744782, -0.16777902
  -0.03702383, -0.00744782, 0.10996333, 0.01208265
  -0.00225099, -0.16777902, 0.01208265, 0.29098509
Predictive distribution ~ N(-1.53396, 1.07468)

Add data point: (0.9271234184415424, 8.605161472795526):
