Add data point: ([1.00000000e+00 2.15305218e-02 4.63563370e-04 9.98076126e-06], [0.69827691]):
Posterior mean:
  0.3490575129686122
  0.0075153904024004535
  0.00016181027710918168
  3.4838597033877686e-06
Posterior variance:
  0.50011592, -0.01076277, -0.00023173, -0.00000499
  -0.01076277, 0.99976827, -0.00000499, -0.00000011
  -0.00023173, -0.00000499, 0.99999989, -0.00000000
  -0.00000499, -0.00000011, -0.00000000, 1.00000000
Predictive distribution ~ N(0.34922, 1.50012)

Add data point: ([1.         0.31813422 0.10120938 0.03219817], [1.99674916]):
Posterior mean:
  0.8579741731304535
  0.3223908842386749
  0.10362803925989869
  0.03299054366680632
Posterior variance:
  0.34648728, -0.10581544, -0.03146548, -0.00996292
  -0.10581544, 0.94095754, -0.01932985, -0.00616125
  -0.03146548, -0.01932985, 0.99364986, -0.00202452
  -0.00996292, -0.00616125, -0.00202452, 0.99935454
Predictive distribution ~ N(0.97209, 1.37721)

Add data point: ([ 1.         -0.2949806   0.08701356 -0.02566731], [0.85664604]):
Posterior mean:
  0.8794596373747262
  0.3003508510384688
  0.1071066238917566
  0.031045244863521074
Posterior variance:
  0.25230873, -0.00920602, -0.04671337, -0.00143597
  -0.00920602, 0.84185450, -0.00368839, -0.01490829
  -0.04671337, -0.00368839, 0.99118116, -0.00064397
  -0.00143597, -0.01490829, -0.00064397, 0.99858251
Predictive distribution ~ N(0.79938, 1.33107)

Add data point: ([ 1.         -0.5214982   0.27196037 -0.14182684], [1.30508471]):
Posterior mean:
  0.9669849521066696
  0.14036358149359277
  0.18756659576449713
  -0.01742546215263592
Posterior variance:
  0.21390825, 0.06098612, -0.08201404, 0.01982986
  0.06098612, 0.71355050, 0.06083760, -0.05378004
  -0.08201404, 0.06083760, 0.95873009, 0.01890521
  0.01982986, -0.05378004, 0.01890521, 0.98680569
Predictive distribution ~ N(0.94727, 1.35821)

Add data point: ([ 1.         -0.39700662  0.15761425 -0.0625739 ], [0.95121062]):
Posterior mean:
  0.9682733718598525
  0.13882695165297426
  0.18788780044765768
  -0.01755455931558364
Posterior variance:
  0.18958368, 0.08999673, -0.08807818, 0.02226713
  0.08999673, 0.67895107, 0.06806998, -0.05668685
  -0.08807818, 0.06806998, 0.95721829, 0.01951283
  0.02226713, -0.05668685, 0.01951283, 0.98656148
Predictive distribution ~ N(0.94387, 1.21051)

Add data point: ([ 1.         -0.99790945  0.99582327 -0.99374145], [-2.37161998]):
Posterior mean:
  0.9793166803401421
  0.647389634775717
  -0.6657104021984128
  0.9505006297327272
Posterior variance:
  0.18955105, 0.08849415, -0.08555617, 0.01940695
  0.08849415, 0.60975456, 0.18421303, -0.18840324
  -0.08555617, 0.18421303, 0.76227773, 0.24059251
  0.01940695, -0.18840324, 0.24059251, 0.73583774
Predictive distribution ~ N(-1.27420, 1.67779)

Add data point: ([ 1.         -0.85658377  0.73373576 -0.62850614], [-1.60207938]):
Posterior mean:
  0.9528788844938453
  0.770277538671678
  -0.7780376642353195
  1.0221987234536403
Posterior variance:
  0.18846165, 0.09355793, -0.09018478, 0.02236137
  0.09355793, 0.58621714, 0.20572771, -0.20213599
  -0.09018478, 0.20572771, 0.74261196, 0.25314510
  0.02236137, -0.20213599, 0.25314510, 0.72782547
Predictive distribution ~ N(-0.92026, 1.27543)

Add data point: ([ 1.         -0.96512953  0.93147501 -0.89899404], [-1.55686935]):
Posterior mean:
  0.9533872241752521
  0.7787364693871138
  -0.7930453108538127
  1.0394012442813743
Posterior variance:
  0.18843702, 0.09314818, -0.08945781, 0.02152809
  0.09314818, 0.57939880, 0.21782466, -0.21600212
  -0.08945781, 0.21782466, 0.72114983, 0.27774607
  0.02152809, -0.21600212, 0.27774607, 0.69962659
Predictive distribution ~ N(-1.47131, 1.30247)

Add data point: ([1.         0.31908947 0.10181809 0.03248908], [2.13838279]):
Posterior mean:
  1.1108839455320205
  0.9988850784311856
  -0.7461173969406651
  1.0421148261619688
Posterior variance:
  0.15484729, 0.04619652, -0.09946625, 0.02094936
  0.04619652, 0.51376986, 0.20383488, -0.21681107
  -0.09946625, 0.20383488, 0.71816770, 0.27757363
  0.02094936, -0.21681107, 0.27757363, 0.69961662
Predictive distribution ~ N(1.38751, 1.23652)

Add data point: ([1.         0.96872091 0.93842021 0.90906728], [9.39006581]):
Posterior mean:
  1.3831777538740866
  2.1681929405944866
  1.4797208919058158
  2.5793635452789383
Posterior variance:
  0.15001756, 0.02545626, -0.13894642, -0.00631715
  0.02545626, 0.42470521, 0.03429570, -0.33390129
  -0.13894642, 0.03429570, 0.39544106, 0.05468632
  -0.00631715, -0.33390129, 0.05468632, 0.54568215
Predictive distribution ~ N(7.21697, 1.69239)

Add data point: ([1.         0.623376   0.38859764 0.24224244], [4.60373309]):
Posterior mean:
  1.4420857098025592
  2.2870367733563093
  1.5060611597935152
  2.5467902481715985
Posterior variance:
  0.14030136, 0.00585432, -0.14329095, -0.00094456
  0.00585432, 0.38515928, 0.02553083, -0.32306235
  -0.14329095, 0.02553083, 0.39349843, 0.05708863
  -0.00094456, -0.32306235, 0.05708863, 0.54271136
Predictive distribution ~ N(4.06996, 1.20227)

Add data point: ([1.         0.51631025 0.26657627 0.13763606], [4.622649]):
Posterior mean:
  1.5534946337256381
  2.464297076307665
  1.4876468829181606
  2.4642067718307787
Posterior variance:
  0.13092635, -0.00906204, -0.14174140, 0.00600480
  -0.00906204, 0.36142619, 0.02799629, -0.31200538
  -0.14174140, 0.02799629, 0.39324231, 0.05594001
  0.00600480, -0.31200538, 0.05594001, 0.53756005
Predictive distribution ~ N(3.56157, 1.14960)

Add data point: ([1.         0.12563116 0.01578319 0.00198286], [1.06735024]):
Posterior mean:
  1.4604607973577906
  2.437919398632716
  1.5838488761491023
  2.4869935914162706
Posterior variance:
  0.11652567, -0.01314503, -0.12685032, 0.00953197
  -0.01314503, 0.36026855, 0.03221832, -0.31100533
  -0.12685032, 0.03221832, 0.37784414, 0.05229273
  0.00953197, -0.31100533, 0.05229273, 0.53669614
Predictive distribution ~ N(1.79667, 1.11501)

Add data point: ([1.         0.75733329 0.57355371 0.43437131], [5.03361103]):
Posterior mean:
  1.4524517004264976
  2.407726486096327
  1.5549447084582584
  2.479161760736151
Posterior variance:
  0.11536483, -0.01752122, -0.13103971, 0.00839681
  -0.01752122, 0.34377107, 0.01642502, -0.31528466
  -0.13103971, 0.01642502, 0.36272495, 0.04819605
  0.00839681, -0.31528466, 0.04819605, 0.53558611
Predictive distribution ~ N(5.24462, 1.19420)

Add data point: ([ 1.00000000e+00 -9.78116119e-02  9.56711142e-03 -9.35774589e-04], [1.66564402]):
Posterior mean:
  1.4975721028325473
  2.3879770068358463
  1.5046023061285128
  2.4944315661038456
Posterior variance:
  0.10338308, -0.01227674, -0.11767126, 0.00434191
  -0.01227674, 0.34147552, 0.01057357, -0.31350980
  -0.11767126, 0.01057357, 0.34780930, 0.05272025
  0.00434191, -0.31350980, 0.05272025, 0.53421384
Predictive distribution ~ N(1.27606, 1.10675)

Add data point: ([1.         0.8561606  0.73301098 0.62757512], [7.03981301]):
Posterior mean:
  1.5035895440505818
  2.446639821659295
  1.6201592322108294
  2.565170955461863
Posterior variance:
  0.10331530, -0.01293753, -0.11897293, 0.00354508
  -0.01293753, 0.33503358, -0.00211610, -0.32127791
  -0.11897293, -0.00211610, 0.32281257, 0.03741824
  0.00354508, -0.32127791, 0.03741824, 0.52484655
Predictive distribution ~ N(6.39574, 1.22346)

Add data point: ([1.         0.84442703 0.71305702 0.60212462], [7.32766186]):
Posterior mean:
  1.5120489824010148
  2.512124974884318
  1.735349266269373
  2.6306020350081516
Posterior variance:
  0.10323783, -0.01353720, -0.12002775, 0.00294591
  -0.01353720, 0.33039154, -0.01028156, -0.32591612
  -0.12002775, -0.01028156, 0.30844932, 0.02925952
  0.00294591, -0.32591612, 0.02925952, 0.52021218
Predictive distribution ~ N(6.45471, 1.17509)

Add data point: ([1.00000000e+00 6.05688825e-02 3.66858953e-03 2.22202368e-04], [1.10836918]):
Posterior mean:
  1.459965384305678
  2.5088746158948703
  1.7963881473927419
  2.6390656539529154
Posterior variance:
  0.09380018, -0.01412617, -0.10896738, 0.00447954
  -0.01412617, 0.33035479, -0.00959132, -0.32582041
  -0.10896738, -0.00959132, 0.29548722, 0.02746221
  0.00447954, -0.32582041, 0.02746221, 0.51996296
Predictive distribution ~ N(1.61910, 1.09249)

Add data point: ([ 1.         -0.83033653  0.68945875 -0.57248279], [0.10510025]):
Posterior mean:
  1.4835695531618502
  2.416856512835926
  1.870161037592649
  2.6359149503371917
Posterior variance:
  0.09314353, -0.01156630, -0.11101968, 0.00456719
  -0.01156630, 0.32037544, -0.00159066, -0.32616210
  -0.11101968, -0.00159066, 0.28907293, 0.02773615
  0.00456719, -0.32616210, 0.02773615, 0.51995126
Predictive distribution ~ N(-0.74285, 1.15258)

Add data point: ([1.         0.85250745 0.72676895 0.61957594], [8.40908059]):
Posterior mean:
  1.4921738345813824
  2.5093130865899202
  2.052319285059294
  2.745019241888217
Posterior variance:
  0.09311859, -0.01183423, -0.11154756, 0.00425101
  -0.01183423, 0.31749639, -0.00726297, -0.32955955
  -0.11154756, -0.00726297, 0.27789733, 0.02104249
  0.00425101, -0.32955955, 0.02104249, 0.51594207
Predictive distribution ~ N(6.82369, 1.15347)

Add data point: ([1.         0.3997969  0.15983756 0.06390256], [3.59600471]):
Posterior mean:
  1.5309370807128604
  2.560143642109234
  2.014727916720421
  2.6951227608296087
Posterior variance:
  0.08852089, -0.01786323, -0.10708885, 0.01016922
  -0.01786323, 0.30959052, -0.00141623, -0.32179895
  -0.10708885, -0.00141623, 0.27357342, 0.01530319
  0.01016922, -0.32179895, 0.01530319, 0.50832408
Predictive distribution ~ N(3.04873, 1.08354)

Add data point: ([ 1.         -0.44626162  0.19914943 -0.08887275], [-1.25173477]):
Posterior mean:
  1.4104625931005623
  2.767316997703728
  2.1012524294210486
  2.513998920078044
Posterior variance:
  0.08355572, -0.00932489, -0.10352287, 0.00270447
  -0.00932489, 0.29490759, -0.00754845, -0.30896223
  -0.10352287, -0.00754845, 0.27101234, 0.02066436
  0.00270447, -0.30896223, 0.02066436, 0.49710142
Predictive distribution ~ N(0.37055, 1.09967)

Add data point: ([1.         0.13941473 0.01943647 0.00270973], [0.19684025]):
Posterior mean:
  1.288358005555204
  2.7204451044804427
  2.25226744673996
  2.5727617788025907
Posterior variance:
  0.07760640, -0.01160863, -0.09616495, 0.00556758
  -0.01160863, 0.29403094, -0.00472399, -0.30786318
  -0.09616495, -0.00472399, 0.26191229, 0.01712336
  0.00556758, -0.30786318, 0.01712336, 0.49572355
Predictive distribution ~ N(1.71838, 1.07622)

Add data point: ([1.         0.6147985  0.37797719 0.23237981], [4.28032389]):
Posterior mean:
  1.2841096387973479
  2.7089488752136015
  2.251798796508586
  2.580203797550114
Posterior variance:
  0.07644657, -0.01474716, -0.09629289, 0.00759929
  -0.01474716, 0.28553799, -0.00507021, -0.30236531
  -0.09629289, -0.00507021, 0.26189818, 0.01734748
  0.00759929, -0.30236531, 0.01734748, 0.49216454
Predictive distribution ~ N(4.40028, 1.07527)

Add data point: ([1.00000000e+00 6.90995432e-02 4.77474687e-03 3.29932827e-04], [1.08766367]):
Posterior mean:
  1.2565420067810285
  2.707161998849779
  2.2868739509169953
  2.585002028536665
Posterior variance:
  0.07121741, -0.01508610, -0.08963967, 0.00850944
  -0.01508610, 0.28551602, -0.00463896, -0.30230631
  -0.08963967, -0.00463896, 0.25343308, 0.01618947
  0.00850944, -0.30230631, 0.01618947, 0.49200612
Predictive distribution ~ N(1.45538, 1.06963)

Add data point: ([ 1.         -0.4486701   0.20130486 -0.09031947], [1.18976322]):
Posterior mean:
  1.3063263322408183
  2.6088780359439827
  2.2549003039257225
  2.671631934272668
Posterior variance:
  0.06801872, -0.00877126, -0.08758533, 0.00294338
  -0.00877126, 0.27304929, -0.00869463, -0.29131784
  -0.08758533, -0.00869463, 0.25211369, 0.01976423
  0.00294338, -0.29131784, 0.01976423, 0.48232061
Predictive distribution ~ N(0.34842, 1.08645)

Add data point: ([ 1.         -0.2801544   0.07848649 -0.02198833], [-0.29772279]):
Posterior mean:
  1.247947776315193
  2.681963998388632
  2.315354927118256
  2.602258783002543
Posterior variance:
  0.06427733, -0.00408729, -0.08371089, -0.00150264
  -0.00408729, 0.26718528, -0.01354517, -0.28575172
  -0.08371089, -0.01354517, 0.24810146, 0.02436836
  -0.00150264, -0.28575172, 0.02436836, 0.47703725
Predictive distribution ~ N(0.62109, 1.07321)

Add data point: ([1.         0.47250564 0.22326158 0.10549235], [3.89808504]):
Posterior mean:
  1.2719948785935251
  2.7311607062188044
  2.297582047493652
  2.557613468120957
Posterior variance:
  0.06250877, -0.00770548, -0.08240377, 0.00178082
  -0.00770548, 0.25978301, -0.01087102, -0.27903427
  -0.08240377, -0.01087102, 0.24713539, 0.02194161
  0.00178082, -0.27903427, 0.02194161, 0.47094126
Predictive distribution ~ N(3.34525, 1.06529)

Add data point: ([1.         0.81028078 0.65655495 0.53199386], [7.20554109]):
Posterior mean:
  1.2743647809682699
  2.7671363835544245
  2.360616696362066
  2.5885739164071526
Posterior variance:
  0.06250012, -0.00783689, -0.08263402, 0.00166773
  -0.00783689, 0.25778822, -0.01436620, -0.28075098
  -0.08263402, -0.01436620, 0.24101133, 0.01893368
  0.00166773, -0.28075098, 0.01893368, 0.46946387
Predictive distribution ~ N(6.44350, 1.10497)

Add data point: ([ 1.         -0.80537352  0.64862651 -0.52238661], [-1.8043715]):
Posterior mean:
  1.2612903732019618
  2.838343523160689
  2.2919061789843664
  2.593299416787434
Posterior variance:
  0.06231790, -0.00684450, -0.08359161, 0.00173358
  -0.00684450, 0.25238337, -0.00915085, -0.28110966
  -0.08359161, -0.00915085, 0.23597884, 0.01927978
  0.00173358, -0.28110966, 0.01927978, 0.46944006
Predictive distribution ~ N(-0.89275, 1.11414)

Add data point: ([ 1.         -0.76852518  0.59063096 -0.45391477], [-2.08387915]):
Posterior mean:
  1.2401122046243096
  2.933919087686773
  2.2261736187773407
  2.573755847324825
Posterior variance:
  0.06204267, -0.00560240, -0.08444587, 0.00147960
  -0.00560240, 0.24677786, -0.00529564, -0.27996343
  -0.08444587, -0.00529564, 0.23332739, 0.01849145
  0.00147960, -0.27996343, 0.01849145, 0.46920568
Predictive distribution ~ N(-0.86810, 1.09295)

Add data point: ([ 1.         -0.93090083  0.86657636 -0.80669666], [-1.79125785]):
Posterior mean:
  1.241034947494036
  2.9357441796389847
  2.212196759622213
  2.5867757474138946
Posterior variance:
  0.06199979, -0.00568722, -0.08379634, 0.00087454
  -0.00568722, 0.24661010, -0.00401093, -0.28116017
  -0.08379634, -0.00401093, 0.22348893, 0.02765631
  0.00087454, -0.28116017, 0.02765631, 0.46066832
Predictive distribution ~ N(-1.66156, 1.15279)

Add data point: ([1.         0.24209155 0.05860832 0.01418858], [2.13836585]):
Posterior mean:
  1.2420970499609436
  2.936693188921545
  2.210838228068731
  2.58565054432214
Posterior variance:
  0.05907799, -0.00829791, -0.08005907, 0.00396993
  -0.00829791, 0.24427740, -0.00067161, -0.27839438
  -0.08005907, -0.00067161, 0.21870859, 0.02369700
  0.00396993, -0.27839438, 0.02369700, 0.45738902
Predictive distribution ~ N(2.11931, 1.05906)

Add data point: ([1.         0.84468688 0.71349593 0.60268065], [8.02185139]):
Posterior mean:
  1.2393421214275935
  2.967529547312294
  2.3037297298818826
  2.649213390065184
Posterior variance:
  0.05907169, -0.00822739, -0.07984666, 0.00411528
  -0.00822739, 0.24348814, -0.00304917, -0.28002128
  -0.07984666, -0.00304917, 0.21154641, 0.01879613
  0.00411528, -0.28002128, 0.01879613, 0.45403551
Predictive distribution ~ N(6.98631, 1.10992)

Add data point: ([ 1.         -0.43340609  0.18784084 -0.08141136], [-0.18095283]):
Posterior mean:
  1.2238430808439542
  2.9975199462451068
  2.3169399220845897
  2.619054987836501
Posterior variance:
  0.05698413, -0.00418800, -0.07806739, 0.00005326
  -0.00418800, 0.23567199, -0.00649204, -0.27216134
  -0.07806739, -0.00649204, 0.21002989, 0.02225828
  0.00005326, -0.27216134, 0.02225828, 0.44613154
Predictive distribution ~ N(0.14669, 1.06708)

Add data point: ([ 1.         -0.80986637  0.65588353 -0.53117801], [-1.8600269]):
Posterior mean:
  1.2172555803175813
  3.036955647914899
  2.2786715213873583
  2.620430087051293
Posterior variance:
  0.05690737, -0.00372847, -0.07851332, 0.00006929
  -0.00372847, 0.23292098, -0.00382246, -0.27225726
  -0.07851332, -0.00382246, 0.20743934, 0.02235137
  0.00006929, -0.27225726, 0.02235137, 0.44612819
Predictive distribution ~ N(-1.13964, 1.08201)

Add data point: ([ 1.         -0.34892389  0.12174788 -0.04248074], [0.00547192]):
Posterior mean:
  1.2027151153253048
  3.0590443324379306
  2.294475508006968
  2.59686606708702
Posterior variance:
  0.05468457, -0.00035178, -0.07609738, -0.00353293
  -0.00035178, 0.22779140, -0.00749257, -0.26678507
  -0.07609738, -0.00749257, 0.20481345, 0.02626661
  -0.00353293, -0.26678507, 0.02626661, 0.44029050
Predictive distribution ~ N(0.30437, 1.06072)

Add data point: ([ 1.00000000e+00 -4.50213931e-02  2.02692584e-03 -9.12550251e-05], [-0.59590668]):
Posterior mean:
  1.1166031069746116
  3.075775463194133
  2.4134255606157184
  2.583461145491174
Posterior variance:
  0.05186402, 0.00019624, -0.07220123, -0.00397200
  0.00019624, 0.22768492, -0.00824957, -0.26669976
  -0.07220123, -0.00824957, 0.19943154, 0.02687312
  -0.00397200, -0.26669976, 0.02687312, 0.44022216
Predictive distribution ~ N(0.98278, 1.05202)

Add data point: ([1.00000000e+00 3.64286017e-02 1.32704302e-03 4.83423218e-05], [1.4831372]):
Posterior mean:
  1.1289643465707946
  3.0777968606653747
  2.3961793762418493
  2.580206870849262
Posterior variance:
  0.04931582, -0.00022046, -0.06864603, -0.00330115
  -0.00022046, 0.22761678, -0.00766820, -0.26659006
  -0.06864603, -0.00766820, 0.19447139, 0.02593716
  -0.00330115, -0.26659006, 0.02593716, 0.44004554
Predictive distribution ~ N(1.24439, 1.04942)

Add data point: ([1.         0.88761754 0.78786489 0.6993227 ], [6.58783165]):
Posterior mean:
  1.1351314280629046
  3.069874379352929
  2.3148504598657276
  2.50537855303393
Posterior variance:
  0.04926936, -0.00016078, -0.06803333, -0.00273742
  -0.00016078, 0.22754011, -0.00845530, -0.26731425
  -0.06803333, -0.00845530, 0.18639133, 0.01850294
  -0.00273742, -0.26731425, 0.01850294, 0.43320553
Predictive distribution ~ N(7.43586, 1.12149)

Add data point: ([ 1.         -0.65317945  0.4266434  -0.2786747 ], [2.07986132]):
Posterior mean:
  1.188088334872693
  2.874467317966671
  2.3445904276177956
  2.6534721594565083
Posterior variance:
  0.04884914, 0.00138981, -0.06826932, -0.00391257
  0.00138981, 0.22181858, -0.00758452, -0.26297806
  -0.06826932, -0.00758452, 0.18625880, 0.01784299
  -0.00391257, -0.26297806, 0.01784299, 0.42991926
Predictive distribution ~ N(-0.42861, 1.05714)

Add data point: ([ 1.         -0.21966496  0.0482527  -0.01059943], [2.06698677]):
Posterior mean:
  1.2494609504854997
  2.813605054256683
  2.2662608056500053
  2.721440475539638
Posterior variance:
  0.04689895, 0.00332379, -0.06578029, -0.00607235
  0.00332379, 0.21990068, -0.01005285, -0.26083623
  -0.06578029, -0.01005285, 0.18308207, 0.02059951
  -0.00607235, -0.26083623, 0.02059951, 0.42752736
Predictive distribution ~ N(0.71192, 1.04928)

Add data point: ([1.         0.47025118 0.22113617 0.10398954], [0.97667198]):
Posterior mean:
  1.17438879824189
  2.639063380004166
  2.329142808210234
  2.9012423589061442
Posterior variance:
  0.04584909, 0.00088288, -0.06490091, -0.00355788
  0.00088288, 0.21422561, -0.00800829, -0.25499013
  -0.06490091, -0.00800829, 0.18234548, 0.01849334
  -0.00355788, -0.25499013, 0.01849334, 0.42150507
Predictive distribution ~ N(3.23217, 1.05233)

Add data point: ([ 1.         -0.85231913  0.7264479  -0.61916545], [-0.54294699]):
Posterior mean:
  1.1744775908551444
  2.621790863369869
  2.365817196936805
  2.8815635209442387
Posterior variance:
  0.04584907, 0.00088702, -0.06490969, -0.00355317
  0.00088702, 0.21342101, -0.00629990, -0.25590682
  -0.06490969, -0.00629990, 0.17871809, 0.02043974
  -0.00355317, -0.25590682, 0.02043974, 0.42046067
Predictive distribution ~ N(-1.12565, 1.08429)

Add data point: ([1.         0.35037663 0.12276379 0.04301356], [2.23036928]):
Posterior mean:
  1.164456609458747
  2.604961076109665
  2.377487142459154
  2.9006953513693072
Posterior variance:
  0.04447348, -0.00142322, -0.06330775, -0.00092693
  -0.00142322, 0.20954107, -0.00360952, -0.25149617
  -0.06330775, -0.00360952, 0.17685254, 0.01738135
  -0.00092693, -0.25149617, 0.01738135, 0.41544672
Predictive distribution ~ N(2.49381, 1.04930)

Add data point: ([1.         0.25997489 0.06758694 0.01757091], [0.56640689]):
Posterior mean:
  1.1079677875371867
  2.536295938088598
  2.4512587280511546
  2.9827643380383835
Posterior variance:
  0.04296115, -0.00326154, -0.06133272, 0.00127024
  -0.00326154, 0.20730650, -0.00120876, -0.24882540
  -0.06133272, -0.00120876, 0.17427325, 0.01451195
  0.00127024, -0.24882540, 0.01451195, 0.41225459
Predictive distribution ~ N(1.98542, 1.04567)

Add data point: ([ 1.         -0.9167524   0.84043496 -0.77047077], [-1.81731739]):
Posterior mean:
  1.1100979529458437
  2.53714281660091
  2.4269360050367625
  3.00740868351832
Posterior variance:
  0.04292248, -0.00327691, -0.06089118, 0.00082286
  -0.00327691, 0.20730039, -0.00103322, -0.24900326
  -0.06089118, -0.00103322, 0.16923168, 0.01962019
  0.00082286, -0.24900326, 0.01962019, 0.40707881
Predictive distribution ~ N(-1.49327, 1.10515)

Add data point: ([1.         0.84679393 0.71705996 0.60720202], [7.97405468]):
Posterior mean:
  1.1069379560900419
  2.5584453829621685
  2.5018616276965866
  3.0610814156591366
Posterior variance:
  0.04291419, -0.00322102, -0.06069458, 0.00096370
  -0.00322102, 0.20692356, -0.00235860, -0.24995268
  -0.06069458, -0.00235860, 0.16457007, 0.01628085
  0.00096370, -0.24995268, 0.01628085, 0.40468668
Predictive distribution ~ N(6.92609, 1.08806)

Add data point: ([1.         0.98138775 0.96312192 0.94519605], [9.45350621]):
Posterior mean:
  1.0990145241351863
  2.541222391925307
  2.551239976918476
  3.1295962804363766
Posterior variance:
  0.04264960, -0.00379613, -0.05904571, 0.00325159
  -0.00379613, 0.20567344, 0.00122552, -0.24497956
  -0.05904571, 0.00122552, 0.15429441, 0.00202288
  0.00325159, -0.24497956, 0.00202288, 0.38490306
Predictive distribution ~ N(9.00818, 1.16420)

Add data point: ([ 1.         -0.12029295  0.01447039 -0.00174069], [1.55499214]):
Posterior mean:
  1.1285414436778964
  2.521587462134386
  2.5114264335695546
  3.152017925701423
Posterior variance:
  0.04094130, -0.00266014, -0.05674227, 0.00195437
  -0.00266014, 0.20491802, -0.00030624, -0.24411692
  -0.05674227, -0.00030624, 0.15118850, 0.00377203
  0.00195437, -0.24411692, 0.00377203, 0.38391800
Predictive distribution ~ N(0.85607, 1.04283)

Add data point: ([ 1.         -0.94788166  0.89847964 -0.85165237], [-2.97275638]):
Posterior mean:
  1.1390073722463392
  2.5093595970873803
  2.42461277731071
  3.254845937494262
Posterior variance:
  0.04086640, -0.00257263, -0.05612096, 0.00121845
  -0.00257263, 0.20481577, -0.00103214, -0.24325711
  -0.05612096, -0.00103214, 0.14603482, 0.00987640
  0.00121845, -0.24325711, 0.00987640, 0.37668757
Predictive distribution ~ N(-1.83310, 1.11185)

Add data point: ([1.00000000e+00 8.56911706e-02 7.34297671e-03 6.29228270e-04], [0.47220888]):
Posterior mean:
  1.104160376569743
  2.4965261244134407
  2.472361330538064
  3.2715762861650246
Posterior variance:
  0.03931146, -0.00314528, -0.05399033, 0.00196499
  -0.00314528, 0.20460488, -0.00024747, -0.24298218
  -0.05399033, -0.00024747, 0.14311536, 0.00885346
  0.00196499, -0.24298218, 0.00885346, 0.37632915
Predictive distribution ~ N(1.33830, 1.03947)

Add data point: ([ 1.         -0.49680285  0.24681307 -0.12261744], [-0.79795852]):
Posterior mean:
  1.0815129461185102
  2.558777472798025
  2.4886415833380973
  3.2062903094170485
Posterior variance:
  0.03860134, -0.00119335, -0.05347986, -0.00008210
  -0.00119335, 0.19923956, -0.00165063, -0.23735531
  -0.05347986, -0.00165063, 0.14274840, 0.01032503
  -0.00008210, -0.23735531, 0.01032503, 0.37042799
Predictive distribution ~ N(0.03139, 1.04771)

Add data point: ([ 1.00000000e+00 -6.35137177e-04  4.03399233e-07 -2.56213850e-10], [1.44758282]):
Posterior mean:
  1.0951791441280263
  2.558310194787951
  2.469708632185869
  3.206314614935574
Posterior variance:
  0.03716660, -0.00114429, -0.05149219, -0.00008465
  -0.00114429, 0.19923788, -0.00171860, -0.23735522
  -0.05149219, -0.00171860, 0.13999472, 0.01032856
  -0.00008465, -0.23735522, 0.01032856, 0.37042798
Predictive distribution ~ N(1.09356, 1.03717)

Add data point: ([1.         0.33040355 0.1091665  0.036069  ], [3.75406078]):
Posterior mean:
  1.1378425758077344
  2.6348855901321877
  2.419871027088812
  3.1186732529335757
Posterior variance:
  0.03623576, -0.00281504, -0.05040482, 0.00182754
  -0.00281504, 0.19623910, 0.00023310, -0.23392309
  -0.05040482, 0.00023310, 0.13872450, 0.00809482
  0.00182754, -0.23392309, 0.00809482, 0.36649986
Predictive distribution ~ N(2.38507, 1.04156)

Add data point: ([1.         0.93638742 0.87682141 0.82104454], [8.15520037]):
Posterior mean:
  1.138913308064506
  2.6361706101939517
  2.4106776979198967
  3.1079850184114237
Posterior variance:
  0.03616213, -0.00290340, -0.04977267, 0.00256247
  -0.00290340, 0.19613306, 0.00099176, -0.23304107
  -0.04977267, 0.00099176, 0.13329690, 0.00178465
  0.00256247, -0.23304107, 0.00178465, 0.35916361
Predictive distribution ~ N(8.27292, 1.11009)

Add data point: ([ 1.         -0.37346792  0.13947828 -0.05209066], [0.40904893]):
Posterior mean:
  1.1412302767951998
  2.63126530386146
  2.408247591726239
  3.113447893794975
Posterior variance:
  0.03529181, -0.00106082, -0.04885986, 0.00051046
  -0.00106082, 0.19223209, -0.00094079, -0.22869670
  -0.04885986, -0.00094079, 0.13233950, 0.00393687
  0.00051046, -0.22869670, 0.00393687, 0.35432543
Predictive distribution ~ N(0.33225, 1.04389)

Add data point: ([ 1.         -0.87292867  0.76200446 -0.66517554], [-2.3263494]):
Posterior mean:
  1.1424082560077997
  2.6464644360453673
  2.36455803909304
  3.141777727526099
Posterior variance:
  0.03529010, -0.00108282, -0.04879661, 0.00046945
  -0.00108282, 0.19194822, -0.00012479, -0.22922582
  -0.04879661, -0.00012479, 0.12999392, 0.00545782
  0.00046945, -0.22922582, 0.00545782, 0.35333919
Predictive distribution ~ N(-1.45580, 1.06871)

Add data point: ([ 1.         -0.83492194  0.69709465 -0.58201962], [-1.53371789]):
Posterior mean:
  1.141892826128814
  2.654044718771748
  2.3540743324574254
  3.144480721770935
Posterior variance:
  0.03528667, -0.00103238, -0.04886638, 0.00048743
  -0.00103238, 0.19120635, 0.00090124, -0.22949036
  -0.04886638, 0.00090124, 0.12857491, 0.00582369
  0.00048743, -0.22949036, 0.00582369, 0.35324486
Predictive distribution ~ N(-1.26316, 1.05493)

Add data point: ([ 1.         -0.28388262  0.08058934 -0.02287791], [0.02464454]):
Posterior mean:
  1.1272650509882152
  2.6771628357276582
  2.372061034143205
  3.1176472475184225
Posterior variance:
  0.03432592, 0.00048602, -0.04768501, -0.00127499
  0.00048602, 0.18880663, -0.00096582, -0.22670498
  -0.04768501, -0.00096582, 0.12712227, 0.00799081
  -0.00127499, -0.22670498, 0.00799081, 0.35001184
Predictive distribution ~ N(0.48710, 1.03972)

Add data point: ([ 1.         -0.98738364  0.97492645 -0.96262643], [-2.15585053]):
Posterior mean:
  1.1267709999049185
  2.6785196592690053
  2.3750692792332413
  3.113035195583007
Posterior variance:
  0.03421038, 0.00080332, -0.04698151, -0.00235356
  0.00080332, 0.18793521, -0.00289788, -0.22374288
  -0.04698151, -0.00289788, 0.12283867, 0.01455814
  -0.00235356, -0.22374288, 0.01455814, 0.33994321
Predictive distribution ~ N(-2.19913, 1.11346)

Add data point: ([1.         0.72170958 0.52086472 0.37591306], [3.73811235]):
Posterior mean:
  1.1111758867171826
  2.5945128531441637
  2.3413777581098896
  3.160078074831062
Posterior variance:
  0.03412529, 0.00034496, -0.04716534, -0.00209688
  0.00034496, 0.18546612, -0.00388812, -0.22236022
  -0.04716534, -0.00388812, 0.12244153, 0.01511267
  -0.00209688, -0.22236022, 0.01511267, 0.33916893
Predictive distribution ~ N(5.39112, 1.04400)

Add data point: ([1.         0.5302445  0.28115923 0.14908314], [3.14706247]):
Posterior mean:
  1.1018352067397446
  2.5654816637200577
  2.3470306418561377
  3.1894447500460976
Posterior variance:
  0.03371256, -0.00093783, -0.04691556, -0.00079927
  -0.00093783, 0.18147918, -0.00311179, -0.21832721
  -0.04691556, -0.00311179, 0.12229036, 0.01432737
  -0.00079927, -0.21832721, 0.01432737, 0.33508931
Predictive distribution ~ N(3.59755, 1.03999)

Add data point: ([ 1.         -0.36520599  0.13337541 -0.0487095 ], [1.11304008]):
Posterior mean:
  1.1229623092869667
  2.5222238647858686
  2.3241352566664553
  3.23841642836396
Posterior variance:
  0.03296855, 0.00058554, -0.04610927, -0.00252385
  0.00058554, 0.17836009, -0.00476266, -0.21479612
  -0.04610927, -0.00476266, 0.12141660, 0.01619630
  -0.00252385, -0.21479612, 0.01619630, 0.33109180
Predictive distribution ~ N(0.35407, 1.03983)

Add data point: ([ 1.         -0.83228246  0.6926941  -0.57651715], [-0.86286081]):
Posterior mean:
  1.1236672428956676
  2.512576198784163
  2.335652679747113
  3.237211140659097
Posterior variance:
  0.03296475, 0.00063754, -0.04617135, -0.00251736
  0.00063754, 0.17764847, -0.00391313, -0.21488502
  -0.04617135, -0.00391313, 0.12040242, 0.01630243
  -0.00251736, -0.21488502, 0.01630243, 0.33108070
Predictive distribution ~ N(-1.21592, 1.04699)

Add data point: ([ 1.         -0.63561133  0.40400176 -0.25678809], [-0.10826115]):
Posterior mean:
  1.1272113785866105
  2.4982856196376706
  2.335840789787273
  3.250760334494406
Posterior variance:
  0.03276070, 0.00146031, -0.04618218, -0.00329744
  0.00146031, 0.17433092, -0.00386946, -0.21173958
  -0.04618218, -0.00386946, 0.12040185, 0.01626103
  -0.00329744, -0.21173958, 0.01626103, 0.32809844
Predictive distribution ~ N(-0.35180, 1.03649)

Add data point: ([1.         0.23255419 0.05408145 0.01257687], [0.41751484]):
Posterior mean:
  1.0842411103056349
  2.4432681678654897
  2.392596967732088
  3.317592861244158
Posterior variance:
  0.03185993, 0.00030700, -0.04499242, -0.00189646
  0.00030700, 0.17285427, -0.00234614, -0.20994581
  -0.04499242, -0.00234614, 0.11883039, 0.01441058
  -0.00189646, -0.20994581, 0.01441058, 0.32591946
Predictive distribution ~ N(1.82355, 1.03557)

Add data point: ([ 1.         -0.61457127  0.37769785 -0.23212225], [-0.19252846]):
Posterior mean:
  1.0855708980133807
  2.4381596319689196
  2.392419851096816
  3.322599589628515
Posterior variance:
  0.03163950, 0.00115381, -0.04496306, -0.00272640
  0.00115381, 0.16960113, -0.00245893, -0.20675751
  -0.04496306, -0.00245893, 0.11882648, 0.01452112
  -0.00272640, -0.20675751, 0.01452112, 0.32279470
Predictive distribution ~ N(-0.28049, 1.03553)

Add data point: ([1.         0.66309674 0.43969728 0.29156183], [5.58818923]):
Posterior mean:
  1.0954264509566616
  2.4816555968896767
  2.4006508164514764
  3.2898626313504007
Posterior variance:
  0.03150464, 0.00055860, -0.04507570, -0.00227842
  0.00055860, 0.16697428, -0.00295602, -0.20478043
  -0.04507570, -0.00295602, 0.11873241, 0.01489525
  -0.00227842, -0.20478043, 0.01489525, 0.32130666
Predictive distribution ~ N(4.75576, 1.03788)

Add data point: ([ 1.         -0.84508826  0.71417417 -0.60354021], [-1.19423414]):
Posterior mean:
  1.095442648999192
  2.4802243036329035
  2.4031450990848904
  3.288923971376734
Posterior variance:
  0.03150459, 0.00056253, -0.04508254, -0.00227584
  0.00056253, 0.16662724, -0.00235125, -0.20500802
  -0.04508254, -0.00235125, 0.11767848, 0.01529187
  -0.00227584, -0.20500802, 0.01529187, 0.32115740
Predictive distribution ~ N(-1.26930, 1.04544)

Add data point: ([ 1.         -0.84832462  0.71965467 -0.61050077], [-1.3079983]):
Posterior mean:
  1.0954431912051992
  2.480571284485655
  2.4024989555482863
  3.2891928179699566
Posterior variance:
  0.03150459, 0.00056208, -0.04508171, -0.00227619
  0.00056208, 0.16634027, -0.00181686, -0.20523036
  -0.04508171, -0.00181686, 0.11668336, 0.01570592
  -0.00227619, -0.20523036, 0.01570592, 0.32098512
Predictive distribution ~ N(-1.28797, 1.04406)

Add data point: ([ 1.00000000e+00 -2.92623523e-02  8.56285264e-04 -2.50569211e-05], [1.29359449]):
Posterior mean:
  1.1036372890788337
  2.4794504537129773
  2.3907928348438547
  3.2901658925156414
Posterior variance:
  0.03054575, 0.00069324, -0.04371190, -0.00239006
  0.00069324, 0.16632233, -0.00200423, -0.20521479
  -0.04371190, -0.00200423, 0.11472645, 0.01586859
  -0.00239006, -0.20521479, 0.01586859, 0.32097160
Predictive distribution ~ N(1.03305, 1.03057)

Add data point: ([1.         0.79861199 0.63778111 0.50933964], [5.87722369]):
Posterior mean:
  1.1028610382920712
  2.468710681952593
  2.376867161583419
  3.2873268510617155
Posterior variance:
  0.03054193, 0.00064039, -0.04378043, -0.00240403
  0.00064039, 0.16559119, -0.00295227, -0.20540807
  -0.04378043, -0.00295227, 0.11349718, 0.01561798
  -0.00240403, -0.20540807, 0.01561798, 0.32092051
Predictive distribution ~ N(6.26469, 1.04834)

Add data point: ([1.00000000e+00 6.60863921e-02 4.36741122e-03 2.88626451e-04], [0.79418793]):
Posterior mean:
  1.0886178958788137
  2.463315888845953
  2.397241543305894
  3.2947397734970467
Posterior variance:
  0.02964598, 0.00030104, -0.04249879, -0.00193772
  0.00030104, 0.16546265, -0.00246683, -0.20523145
  -0.04249879, -0.00246683, 0.11166384, 0.01495094
  -0.00193772, -0.20523145, 0.01495094, 0.32067782
Predictive distribution ~ N(1.26283, 1.03003)

Add data point: ([ 1.         -0.84441614  0.71303862 -0.60210132], [-2.64178926]):
Posterior mean:
  1.088281340146021
  2.4865357615080907
  2.3574106426691444
  3.3093213838494497
Posterior variance:
  0.02964591, 0.00030534, -0.04250618, -0.00193502
  0.00030534, 0.16516551, -0.00195712, -0.20541804
  -0.04250618, -0.00195712, 0.11078949, 0.01527103
  -0.00193502, -0.20541804, 0.01527103, 0.32056064
Predictive distribution ~ N(-1.32301, 1.04152)

Add data point: ([1.         0.77429178 0.59952776 0.46420942], [6.02109455]):
Posterior mean:
  1.0884756139685239
  2.4882929520486
  2.3590472587669336
  3.309153450302089
Posterior variance:
  0.02963418, 0.00019921, -0.04260502, -0.00192487
  0.00019921, 0.16420559, -0.00285118, -0.20532631
  -0.04260502, -0.00285118, 0.10995679, 0.01535647
  -0.00192487, -0.20532631, 0.01535647, 0.32055187
Predictive distribution ~ N(5.96559, 1.04241)

Add data point: ([1.         0.11761506 0.0138333  0.001627  ], [2.180747]):
Posterior mean:
  1.1099520300861685
  2.5024347154462414
  2.3284607072837726
  3.2904292710071483
Posterior variance:
  0.02881456, -0.00034049, -0.04143773, -0.00121029
  -0.00034049, 0.16385021, -0.00208254, -0.20485577
  -0.04143773, -0.00208254, 0.10829434, 0.01433877
  -0.00121029, -0.20485577, 0.01433877, 0.31992886
Predictive distribution ~ N(1.44184, 1.02979)

Add data point: ([1.         0.95382049 0.90977353 0.86776064], [10.18353436]):
Posterior mean:
  1.094121686861531
  2.465838821007493
  2.4326784249363302
  3.4355659721735576
Posterior variance:
  0.02871975, -0.00055966, -0.04081357, -0.00034106
  -0.00055966, 0.16334353, -0.00063963, -0.20284633
  -0.04081357, -0.00063963, 0.10418522, 0.00861628
  -0.00034106, -0.20284633, 0.00861628, 0.31195956
Predictive distribution ~ N(8.64052, 1.09925)

Add data point: ([ 1.         -0.97013232  0.94115672 -0.91304656], [-2.29965697]):
Posterior mean:
  1.0953764842942963
  2.4622067426742795
  2.425580213093001
  3.4469637739334615
Posterior variance:
  0.02864788, -0.00035161, -0.04040697, -0.00099395
  -0.00035161, 0.16274132, -0.00181654, -0.20095653
  -0.04040697, -0.00181654, 0.10188517, 0.01230954
  -0.00099395, -0.20095653, 0.01230954, 0.30602919
Predictive distribution ~ N(-2.15768, 1.07978)

Add data point: ([1.         0.70854388 0.50203443 0.35571342], [4.79676719]):
Posterior mean:
  1.0917242731376664
  2.4421734144924403
  2.4190686604318987
  3.4603036634873043
Posterior variance:
  0.02858969, -0.00067077, -0.04051071, -0.00078142
  -0.00067077, 0.16099061, -0.00238558, -0.19979076
  -0.04051071, -0.00238558, 0.10170021, 0.01268846
  -0.00078142, -0.19979076, 0.01268846, 0.30525292
Predictive distribution ~ N(5.26744, 1.03361)

Add data point: ([1.         0.30034543 0.09020738 0.02709337], [2.56288117]):
Posterior mean:
  1.1019073037491374
  2.459501972557622
  2.406002618156267
  3.4391351822244816
Posterior variance:
  0.02799854, -0.00167675, -0.03975219, 0.00044748
  -0.00167675, 0.15927874, -0.00109480, -0.19769954
  -0.03975219, -0.00109480, 0.10072693, 0.01111164
  0.00044748, -0.19769954, 0.01111164, 0.30269830
Predictive distribution ~ N(2.15082, 1.03203)

Add data point: ([ 1.         -0.69056341  0.47687782 -0.32931437], [-0.70553269]):
Posterior mean:
  1.1007002905343442
  2.465155787490523
  2.4053567266991283
  3.4340214734369088
Posterior variance:
  0.02790054, -0.00121772, -0.03980463, 0.00003229
  -0.00121772, 0.15712857, -0.00084916, -0.19575478
  -0.03980463, -0.00084916, 0.10069887, 0.01088947
  0.00003229, -0.19575478, 0.01088947, 0.30093932
Predictive distribution ~ N(-0.58546, 1.03017)

Add data point: ([1.         0.88579429 0.78463152 0.69502211], [7.81431935]):
Posterior mean:
  1.099644436448887
  2.4654555550073782
  2.4164318876686535
  3.444691009879604
Posterior variance:
  0.02788244, -0.00121258, -0.03961478, 0.00021519
  -0.00121258, 0.15712711, -0.00090306, -0.19580671
  -0.03961478, -0.00090306, 0.09870748, 0.00897101
  0.00021519, -0.19580671, 0.00897101, 0.29909113
Predictive distribution ~ N(7.57368, 1.05983)

Add data point: ([ 1.         -0.12787351  0.01635163 -0.00209094], [0.3773839]):
Posterior mean:
  1.0879557630252643
  2.474379261827704
  2.432607845198662
  3.4341180129301323
Posterior variance:
  0.02715369, -0.00065621, -0.03860626, -0.00044400
  -0.00065621, 0.15670235, -0.00167302, -0.19530344
  -0.03860626, -0.00167302, 0.09731179, 0.00988327
  -0.00044400, -0.19530344, 0.00988327, 0.29849485
Predictive distribution ~ N(0.80414, 1.02855)

Add data point: ([1.         0.82466762 0.68007669 0.56083722], [6.12303219]):
Posterior mean:
  1.0878949668969626
  2.4643308335820215
  2.414792049027308
  3.4270313264098506
Posterior variance:
  0.02715368, -0.00065807, -0.03860955, -0.00044531
  -0.00065807, 0.15639531, -0.00221740, -0.19551999
  -0.03860955, -0.00221740, 0.09634660, 0.00949935
  -0.00044531, -0.19551999, 0.00949935, 0.29834214
Predictive distribution ~ N(6.68440, 1.04172)

Add data point: ([ 1.         -0.20306493  0.04123536 -0.00837346], [-1.06000671]):
Posterior mean:
  1.045031232445766
  2.5158206600594784
  2.471944787254923
  3.365065708429713
Posterior variance:
  0.02651263, 0.00011199, -0.03775480, -0.00137204
  0.00011199, 0.15547029, -0.00324416, -0.19440676
  -0.03775480, -0.00324416, 0.09520692, 0.01073501
  -0.00137204, -0.19440676, 0.01073501, 0.29700242
Predictive distribution ~ N(0.60791, 1.02936)

Add data point: ([1.         0.50086192 0.25086266 0.12564755], [3.30271672]):
Posterior mean:
  1.044288201808532
  2.513505284565447
  2.472565857640994
  3.3676441306010636
Posterior variance:
  0.02623516, -0.00075263, -0.03752288, -0.00040920
  -0.00075263, 0.15277605, -0.00252147, -0.19140643
  -0.03752288, -0.00252147, 0.09501306, 0.00993020
  -0.00040920, -0.19140643, 0.00993020, 0.29366123
Predictive distribution ~ N(3.34662, 1.03139)

Add data point: ([1.         0.48091803 0.23128215 0.11122775], [2.09540648]):
Posterior mean:
  1.0259332647079613
  2.459083424485468
  2.4893226602671357
  3.429186481994285
Posterior variance:
  0.02595007, -0.00159792, -0.03726261, 0.00054669
  -0.00159792, 0.15026977, -0.00174977, -0.18857223
  -0.03726261, -0.00174977, 0.09477545, 0.00905754
  0.00054669, -0.18857223, 0.00905754, 0.29045621
Predictive distribution ~ N(3.16571, 1.03062)

Add data point: ([ 1.         -0.47014404  0.22103542 -0.10391849], [0.36983668]):
Posterior mean:
  1.0313870086538726
  2.4433702735245553
