Add data point: ([ 1.         -0.13857374  0.01920268], [-2.31145923]):
Posterior mean:
  -0.5750511649468035
  0.07968699174174369
  -0.011042524630718996
Posterior variance:
  0.75121726, 0.03447476, -0.00477730
  0.03447476, 0.99522270, 0.00066201
  -0.00477730, 0.00066201, 0.99990826
Predictive distribution ~ N(-0.58631, 5.28287)

Add data point: ([1.         0.10199013 0.01040199], [1.29765061]):
Posterior mean:
  -0.2016376658586762
  0.1469714222111657
  -0.008226522088887885
Posterior variance:
  0.60008803, 0.00724316, -0.00591700
  0.00724316, 0.99031591, 0.00045665
  -0.00591700, 0.00045665, 0.99989967
Predictive distribution ~ N(-0.18673, 4.83556)

Add data point: ([1.         0.76616617 0.58701061], [2.45473359]):
Posterior mean:
  0.13710307914850225
  0.5780212062711337
  0.3188249040519173
Posterior variance:
  0.52005277, -0.09460223, -0.08319039
  -0.09460223, 0.86071700, -0.09787425
  -0.08319039, -0.09787425, 0.92529284
Predictive distribution ~ N(0.76712, 6.04042)

Add data point: ([1.         0.41226317 0.16996092], [1.31364424]):
Posterior mean:
  0.2526274739599898
  0.6382943829494493
  0.3271687815121019
Posterior variance:
  0.45903880, -0.12643538, -0.08759719
  -0.12643538, 0.84410851, -0.10017343
  -0.08759719, -0.10017343, 0.92497455
Predictive distribution ~ N(0.57138, 4.44348)

Add data point: ([1.         0.73888608 0.54595263], [3.00120228]):
Posterior mean:
  0.42663263807412083
  0.8806224182620559
  0.5151826922238975
Posterior variance:
  0.43268558, -0.16313614, -0.11607204
  -0.16313614, 0.79299725, -0.13982888
  -0.11607204, -0.13982888, 0.89420726
Predictive distribution ~ N(1.35858, 4.95457)

Add data point: ([1.         0.76990395 0.5927521 ], [0.70870742]):
Posterior mean:
  0.38147437676922885
  0.8115423200069248
  0.4571314286672962
Posterior variance:
  0.41734182, -0.18660801, -0.13579656
  -0.18660801, 0.75709155, -0.17000213
  -0.13579656, -0.17000213, 0.86885126
Predictive distribution ~ N(1.27725, 4.70368)

Add data point: ([ 1.         -0.96706118  0.93520733], [-0.76668951]):
Posterior mean:
  0.31121709199173686
  0.9723725703153545
  0.3316065825945794
Posterior variance:
  0.37551739, -0.09086514, -0.21052198
  -0.09086514, 0.53792070, 0.00105640
  -0.21052198, 0.00105640, 0.73534343
Predictive distribution ~ N(-0.31901, 6.90539)

Add data point: ([1.         0.79540295 0.63266585], [0.08758245]):
Posterior mean:
  0.2542136856009549
  0.8591833059884401
  0.24594540199408133
Posterior variance:
  0.36748530, -0.10681412, -0.22259210
  -0.10681412, 0.50625149, -0.02291073
  -0.22259210, -0.02291073, 0.71720520
Predictive distribution ~ N(1.09321, 4.50064)

Add data point: ([1.         0.39899989 0.15920091], [0.33735876]):
Posterior mean:
  0.22806241766308374
  0.8509129096319162
  0.2565669130780978
Posterior variance:
  0.34215615, -0.11482452, -0.21230450
  -0.11482452, 0.50371818, -0.01965725
  -0.21230450, -0.01965725, 0.71302683
Predictive distribution ~ N(0.60842, 3.83608)

Add data point: ([ 1.         -0.69259232  0.47968412], [1.54455972]):
Posterior mean:
  0.38149665086216794
  0.6239470255519162
  0.32532831567894216
Posterior variance:
  0.31462866, -0.07410479, -0.22464092
  -0.07410479, 0.44348397, -0.00140875
  -0.22464092, -0.00140875, 0.70749827
Predictive distribution ~ N(0.10541, 4.73468)

Add data point: ([1.         0.32888027 0.10816223], [1.61357271]):
Posterior mean:
  0.4620687858489213
  0.6456369528470441
  0.2803162634634019
Posterior variance:
  0.29302004, -0.07992180, -0.21256915
  -0.07992180, 0.44191804, 0.00184096
  -0.21256915, 0.00184096, 0.70075431
Predictive distribution ~ N(0.70473, 3.75178)

Add data point: ([ 1.         -0.20959556  0.0439303 ], [1.01608578]):
Posterior mean:
  0.5231761924198077
  0.6105579651064316
  0.24326316400803938
Posterior variance:
  0.26590335, -0.06435534, -0.19612666
  -0.06435534, 0.43298204, -0.00759792
  -0.19612666, -0.00759792, 0.69078425
Predictive distribution ~ N(0.40589, 3.88843)

Add data point: ([1.         0.25756071 0.06633752], [-0.93232653]):
Posterior mean:
  0.4043038825585837
  0.5870871697073957
  0.31985228419665857
Posterior variance:
  0.24865756, -0.06776044, -0.18501525
  -0.06776044, 0.43230971, -0.00540402
  -0.18501525, -0.00540402, 0.68362519
Predictive distribution ~ N(0.57673, 3.66212)

Add data point: ([ 1.         -0.82430618  0.67948068], [1.0554927]):
Posterior mean:
  0.4483652133405627
  0.4816674244354344
  0.38982591710420994
Posterior variance:
  0.24007383, -0.04722328, -0.19864704
  -0.04722328, 0.38317314, 0.02721097
  -0.19864704, 0.02721097, 0.66197659
Predictive distribution ~ N(0.31620, 4.75044)

Add data point: ([ 1.         -0.45792979  0.2096997 ], [-0.03664817]):
Posterior mean:
  0.425311087790963
  0.5044010539171337
  0.397399981539624
Posterior variance:
  0.22542035, -0.03277350, -0.19383287
  -0.03277350, 0.36892425, 0.02246373
  -0.19383287, 0.02246373, 0.66039497
Predictive distribution ~ N(0.27767, 3.82870)

Add data point: ([1.         0.60477674 0.3657549 ], [1.19794751]):
Posterior mean:
  0.43855605770864364
  0.5239246584991872
  0.4034269227752679
Posterior variance:
  0.21988354, -0.04093498, -0.19635232
  -0.04093498, 0.35689392, 0.01874996
  -0.19635232, 0.01874996, 0.65924853
Predictive distribution ~ N(0.90297, 3.76128)

Add data point: ([ 1.         -0.69342909  0.4808439 ], [-0.7495953]):
Posterior mean:
  0.39244391617933033
  0.6076644642000518
  0.37116533020467346
Posterior variance:
  0.21292013, -0.02828940, -0.20122415
  -0.02828940, 0.33392950, 0.02759723
  -0.20122415, 0.02759723, 0.65584004
Predictive distribution ~ N(0.14954, 4.05732)

Add data point: ([ 1.         -0.08463206  0.00716259], [0.39183653]):
Posterior mean:
  0.39564561228167394
  0.6068208572784668
  0.3681883466098958
Posterior variance:
  0.19870235, -0.02454319, -0.18800426
  -0.02454319, 0.33294243, 0.02411396
  -0.18800426, 0.02411396, 0.64354799
Predictive distribution ~ N(0.34693, 3.60766)

Add data point: ([ 1.         -0.66417594  0.44112968], [1.43156246]):
Posterior mean:
  0.4463738619250703
  0.5165417902508534
  0.3988659331291801
Posterior variance:
  0.19345405, -0.01520300, -0.19117814
  -0.01520300, 0.31632005, 0.02976238
  -0.19117814, 0.02976238, 0.64162861
Predictive distribution ~ N(0.27925, 3.87581)

Add data point: ([1.         0.51969617 0.27008411], [0.24846346]):
Posterior mean:
  0.4224606102504492
  0.48846676898065544
  0.3992975346723945
Posterior variance:
  0.18787570, -0.02175219, -0.19107746
  -0.02175219, 0.30863106, 0.02988058
  -0.19107746, 0.02988058, 0.64162679
Predictive distribution ~ N(0.78416, 3.60180)

Add data point: ([ 1.         -0.96999606  0.94089236], [1.0058772]):
Posterior mean:
  0.42787519504678373
  0.4341188264471104
  0.470456030188519
Posterior variance:
  0.18764377, -0.01942431, -0.19412538
  -0.01942431, 0.28526542, 0.06047353
  -0.19412538, 0.06047353, 0.60157103
Predictive distribution ~ N(0.44943, 4.65181)

Add data point: ([ 1.         -0.23440374  0.05494511], [0.5961284]):
Posterior mean:
  0.44176369916347197
  0.4277710643321135
  0.45704825903938806
Posterior variance:
  0.17731793, -0.01470487, -0.18415695
  -0.01470487, 0.28310839, 0.05591745
  -0.18415695, 0.05591745, 0.59194764
Predictive distribution ~ N(0.36661, 3.53963)

Add data point: ([ 1.         -0.1367811   0.01870907], [0.38884663]):
Posterior mean:
  0.44160013107548396
  0.42781977896964446
  0.45721633448391674
Posterior variance:
  0.16758888, -0.01180732, -0.17415980
  -0.01180732, 0.28224543, 0.05294005
  -0.17415980, 0.05294005, 0.58167501
Predictive distribution ~ N(0.39164, 3.50855)

Add data point: ([1.         0.75062083 0.56343164], [0.78315474]):
Posterior mean:
  0.4372994388660261
  0.411505239773291
  0.4434970094698341
Posterior variance:
  0.16649009, -0.01597554, -0.17766497
  -0.01597554, 0.26643342, 0.03964331
  -0.17766497, 0.03964331, 0.57049343
Predictive distribution ~ N(0.99606, 3.92117)

Add data point: ([ 1.         -0.65394113  0.427639  ], [2.71402688]):
Posterior mean:
  0.5109119397408758
  0.2851820012759576
  0.4729358872227615
Posterior variance:
  0.16333584, -0.01056265, -0.17892641
  -0.01056265, 0.25714460, 0.04180802
  -0.17892641, 0.04180802, 0.56998896
Predictive distribution ~ N(0.52667, 3.64481)

Add data point: ([ 1.00000000e+00 -6.26446850e-03  3.92435655e-05], [2.76969075]):
Posterior mean:
  0.6276706507732003
  0.2764842194898062
  0.34490756964832875
Posterior variance:
  0.15489638, -0.00993397, -0.16967237
  -0.00993397, 0.25709777, 0.04111865
  -0.16967237, 0.04111865, 0.55984172
Predictive distribution ~ N(0.62595, 3.46505)

Add data point: ([ 1.         -0.4977089   0.24771415], [0.47772108]):
Posterior mean:
  0.6240351857766429
  0.28042511656136604
  0.34649545462885173
Posterior variance:
  0.15051616, -0.00518574, -0.16775920
  -0.00518574, 0.25195062, 0.03904474
  -0.16775920, 0.03904474, 0.55900609
Predictive distribution ~ N(0.57030, 3.47895)

Add data point: ([1.         0.81241504 0.66001819], [1.69056353]):
Posterior mean:
  0.6304710187754352
  0.32117434322957994
  0.38862713048393427
Posterior variance:
  0.15014079, -0.00756244, -0.17021653
  -0.00756244, 0.23690227, 0.02348586
  -0.17021653, 0.02348586, 0.54291936
Predictive distribution ~ N(1.14790, 3.99365)

Add data point: ([1.         0.74209018 0.55069783], [2.78946105]):
Posterior mean:
  0.6570136181614319
  0.41585329669298843
  0.46502739449230046
Posterior variance:
  0.14935086, -0.01038017, -0.17249027
  -0.01038017, 0.22685127, 0.01537530
  -0.17249027, 0.01537530, 0.53637463
Predictive distribution ~ N(1.22170, 3.73237)

Add data point: ([ 1.         -0.65748615  0.43228803], [-2.24868565]):
Posterior mean:
  0.5848325871657618
  0.5510742628450263
  0.42145087333374054
Posterior variance:
  0.14727176, -0.00648529, -0.17374544
  -0.00648529, 0.21955475, 0.01772669
  -0.17374544, 0.01772669, 0.53561687
Predictive distribution ~ N(0.40470, 3.57153)

Add data point: ([ 1.         -0.05667227  0.00321175], [2.01718295]):
Posterior mean:
  0.653159760322435
  0.5423076584174692
  0.3410692199036232
Posterior variance:
  0.14039893, -0.00560348, -0.16566008
  -0.00560348, 0.21944161, 0.01668931
  -0.16566008, 0.01668931, 0.52610506
Predictive distribution ~ N(0.62352, 3.42202)

Add data point: ([ 1.         -0.147269    0.02168816], [1.95115338]):
Posterior mean:
  0.7132338298278504
  0.5259139305585019
  0.27266859517491937
Posterior variance:
  0.13436587, -0.00395711, -0.15879081
  -0.00395711, 0.21899233, 0.01481474
  -0.15879081, 0.01481474, 0.51828368
Predictive distribution ~ N(0.64170, 3.40063)

Add data point: ([1.         0.39923653 0.1593898 ], [1.24659042]):
Posterior mean:
  0.7228443243416032
  0.5335891652266087
  0.2663853426120382
Posterior variance:
  0.13067604, -0.00690392, -0.15637843
  -0.00690392, 0.21663892, 0.01674134
  -0.15637843, 0.01674134, 0.51670649
Predictive distribution ~ N(0.97833, 3.37530)

Add data point: ([ 1.         -0.60105541  0.36126761], [-1.05691185]):
Posterior mean:
  0.6843454119050272
  0.5980075187510979
  0.2564433052990403
Posterior variance:
  0.12873705, -0.00365950, -0.15687916
  -0.00365950, 0.21121019, 0.01757919
  -0.15687916, 0.01757919, 0.51657718
Predictive distribution ~ N(0.41755, 3.46763)

Add data point: ([1.         0.84918816 0.72112052], [0.87878772]):
Posterior mean:
  0.6824796887671437
  0.5698926564559573
  0.2220317565567321
Posterior variance:
  0.12869025, -0.00436480, -0.15774242
  -0.00436480, 0.20058192, 0.00457058
  -0.15774242, 0.00457058, 0.50065513
Predictive distribution ~ N(1.32654, 3.91309)

Add data point: ([1.         0.2990883  0.08945381], [1.00735381]):
Posterior mean:
  0.6873650742648775
  0.5723094158353703
  0.2172190096027863
Posterior variance:
  0.12457781, -0.00639919, -0.15369113
  -0.00639919, 0.19957552, 0.00657472
  -0.15369113, 0.00657472, 0.49666407
Predictive distribution ~ N(0.87797, 3.34630)

Add data point: ([ 1.         -0.8157836   0.66550289], [2.49664345]):
Posterior mean:
  0.7052685551644143
  0.46505996765240404
  0.32879044801394064
Posterior variance:
  0.12434669, -0.00501473, -0.15513137
  -0.00501473, 0.19128205, 0.01520242
  -0.15513137, 0.01520242, 0.48768870
Predictive distribution ~ N(0.54469, 3.75850)

Add data point: ([1.         0.08940224 0.00799276], [0.44184644]):
Posterior mean:
  0.6931844953532728
  0.4638572780151143
  0.3435557557885243
Posterior variance:
  0.11952849, -0.00549427, -0.14924409
  -0.00549427, 0.19123432, 0.01578836
  -0.14924409, 0.01578836, 0.48049513
Predictive distribution ~ N(0.73740, 3.35323)

Add data point: ([1.         0.70468568 0.4965819 ], [3.8720486]):
Posterior mean:
  0.7281266661040653
  0.5791732185642965
  0.42807242122133654
Posterior variance:
  0.11898710, -0.00728095, -0.15055358
  -0.00728095, 0.18533793, 0.01146681
  -0.15055358, 0.01146681, 0.47732781
Predictive distribution ~ N(1.34883, 3.53090)

Add data point: ([ 1.         -0.72369416  0.52373323], [0.02785691]):
Posterior mean:
  0.7209364844083833
  0.6006145879648648
  0.41364017524266156
Posterior variance:
  0.11834102, -0.00535431, -0.15185041
  -0.00535431, 0.17959260, 0.01533400
  -0.15185041, 0.01533400, 0.47472479
Predictive distribution ~ N(0.50291, 3.53905)

Add data point: ([ 1.         -0.96069358  0.92293216], [-0.66417813]):
Posterior mean:
  0.7267828294098738
  0.6580633353358982
  0.3183608243851232
Posterior variance:
  0.11825915, -0.00615881, -0.15051613
  -0.00615881, 0.17168720, 0.02844520
  -0.15051613, 0.02844520, 0.45297973
Predictive distribution ~ N(0.38841, 4.03837)

Add data point: ([ 1.         -0.99114881  0.98237596], [-1.38782016]):
Posterior mean:
  0.7391057663925205
  0.7358722622338689
  0.1787251248610261
Posterior variance:
  0.11809601, -0.00718889, -0.14866755
  -0.00718889, 0.16518312, 0.04011740
  -0.14866755, 0.04011740, 0.43203283
Predictive distribution ~ N(0.18532, 4.02402)

Add data point: ([ 1.         -0.70031314  0.49043849], [-0.71098395]):
Posterior mean:
  0.7227529274598342
  0.7694758134245477
  0.16728774460416262
Posterior variance:
  0.11729279, -0.00553836, -0.14922933
  -0.00553836, 0.16179143, 0.04127180
  -0.14922933, 0.04127180, 0.43163991
Predictive distribution ~ N(0.26592, 3.40048)

Add data point: ([ 1.         -0.77197017  0.59593795], [-0.29285845]):
Posterior mean:
  0.7173684861223861
  0.7869375360422863
  0.15472601280846143
Posterior variance:
  0.11695569, -0.00444512, -0.15001579
  -0.00444512, 0.15824607, 0.04382229
  -0.15001579, 0.04382229, 0.42980513
Predictive distribution ~ N(0.20208, 3.45493)

Add data point: ([ 1.         -0.78491215  0.61608708], [-0.33817438]):
Posterior mean:
  0.7126363237330295
  0.8041045525330228
  0.14115112072509076
Posterior variance:
  0.11670699, -0.00354291, -0.15072922
  -0.00354291, 0.15497308, 0.04641042
  -0.15072922, 0.04641042, 0.42775855
Predictive distribution ~ N(0.16845, 3.44849)

Add data point: ([ 1.         -0.97735016  0.95521333], [0.61392756]):
Posterior mean:
  0.7086358597209143
  0.785508684851844
  0.1768582299641309
Posterior variance:
  0.11653455, -0.00434447, -0.14919008
  -0.00434447, 0.15124706, 0.05356499
  -0.14919008, 0.05356499, 0.41402062
Predictive distribution ~ N(0.10986, 3.78670)

Add data point: ([ 1.         -0.26545408  0.07046587], [0.68187391]):
Posterior mean:
  0.7144726719972854
  0.783291098282238
  0.16954772489593462
Posterior variance:
  0.11283940, -0.00294057, -0.14456197
  -0.00294057, 0.15071367, 0.05180662
  -0.14456197, 0.05180662, 0.40822398
Predictive distribution ~ N(0.51849, 3.31421)

Add data point: ([1.         0.10036692 0.01007352], [2.8002045]):
Posterior mean:
  0.7860820079127897
  0.7914828877444867
  0.08236310646431413
Posterior variance:
  0.10887265, -0.00339435, -0.13973244
  -0.00339435, 0.15066176, 0.05235910
  -0.13973244, 0.05235910, 0.40234402
Predictive distribution ~ N(0.86635, 3.32112)

Add data point: ([1.         0.61246042 0.37510777], [2.88481617]):
Posterior mean:
  0.8135237740303793
  0.8462464561404877
  0.10419267146381579
Posterior variance:
  0.10793003, -0.00527547, -0.14048229
  -0.00527547, 0.14690773, 0.05086269
  -0.14048229, 0.05086269, 0.40174752
Predictive distribution ~ N(1.37090, 3.39324)

Add data point: ([ 1.         -0.25863707  0.06689313], [-0.96338386]):
Posterior mean:
  0.7631197199551588
  0.8663626821781225
  0.16815219647852112
Posterior variance:
  0.10471265, -0.00399142, -0.13639964
  -0.00399142, 0.14639526, 0.04923330
  -0.13639964, 0.04923330, 0.39656690
Predictive distribution ~ N(0.55029, 3.29518)

Add data point: ([1.         0.24964244 0.06232135], [-0.67926916]):
Posterior mean:
  0.7118177645066727
  0.847168908549621
  0.2217056386381424
Posterior variance:
  0.10178616, -0.00508632, -0.13334471
  -0.00508632, 0.14598562, 0.05037625
  -0.13334471, 0.05037625, 0.39337791
Predictive distribution ~ N(0.93712, 3.28446)

Add data point: ([ 1.         -0.38610264  0.14907525], [3.72595572]):
Posterior mean:
  0.80159218055986
  0.7894306233325165
  0.12092707262746219
Posterior variance:
  0.09951013, -0.00362249, -0.13078970
  -0.00362249, 0.14504417, 0.04873300
  -0.13078970, 0.04873300, 0.39050971
Predictive distribution ~ N(0.51482, 3.26401)

Add data point: ([1.         0.79248819 0.62803753], [0.56230245]):
Posterior mean:
  0.7973599656438323
  0.7480004303285711
  0.07624038640299674
Posterior variance:
  0.09944491, -0.00426093, -0.13147832
  -0.00426093, 0.13879433, 0.04199191
  -0.13147832, 0.04199191, 0.38323876
Predictive distribution ~ N(1.43802, 3.62302)

Add data point: ([1.         0.72054593 0.51918644], [1.11188071]):
Posterior mean:
  0.7950136593245303
  0.7381898444461168
  0.06808207800225911
Posterior variance:
  0.09919508, -0.00530552, -0.13234698
  -0.00530552, 0.13442659, 0.03835978
  -0.13234698, 0.03835978, 0.38021834
Predictive distribution ~ N(1.36226, 3.46532)

Add data point: ([1.         0.23072279 0.05323301], [2.29111311]):
Posterior mean:
  0.8338961749879426
  0.7500573121214822
  0.023926639425832195
Posterior variance:
  0.09652110, -0.00612165, -0.12931038
  -0.00612165, 0.13417749, 0.03928659
  -0.12931038, 0.03928659, 0.37676994
Predictive distribution ~ N(1.00823, 3.26731)

Add data point: ([ 1.         -0.04509517  0.00203357], [4.63904387]):
Posterior mean:
  0.9535634507167648
  0.7350669886646262
  -0.13761756240581635
Posterior variance:
  0.09351193, -0.00574471, -0.12524816
  -0.00574471, 0.13413028, 0.03877773
  -0.12524816, 0.03877773, 0.37128617
Predictive distribution ~ N(0.92014, 3.28136)

Add data point: ([1.         0.68565661 0.47012499], [-0.96780732]):
Posterior mean:
  0.9304751118770325
  0.6564880553276332
  -0.19470956283821544
Posterior variance:
  0.09321176, -0.00676630, -0.12599041
  -0.00676630, 0.13065339, 0.03625157
  -0.12599041, 0.03625157, 0.36945078
Predictive distribution ~ N(1.28906, 3.39576)

Add data point: ([ 1.         -0.43523653  0.18943083], [-0.06541581]):
Posterior mean:
  0.9146900854953914
  0.668882887257054
  -0.17903528398377416
Posterior variance:
  0.09151692, -0.00543546, -0.12430745
  -0.00543546, 0.12960838, 0.03493007
  -0.12430745, 0.03493007, 0.36777964
Predictive distribution ~ N(0.58965, 3.24343)

Add data point: ([1.00000000e+00 6.54085161e-03 4.27827398e-05], [1.29106956]):
Posterior mean:
  0.9256979607999626
  0.6683309997317048
  -0.19396457728821845
Posterior variance:
  0.08881013, -0.00529975, -0.12063641
  -0.00529975, 0.12960158, 0.03474602
  -0.12063641, 0.03474602, 0.36280083
Predictive distribution ~ N(0.93006, 3.26621)

Add data point: ([ 1.         -0.9028078   0.81506192], [-0.46804042]):
Posterior mean:
  0.9266336095108023
  0.686916984086084
  -0.22238192017738462
Posterior variance:
  0.08880313, -0.00543883, -0.12042376
  -0.00543883, 0.12683883, 0.03897016
  -0.12042376, 0.03897016, 0.35634226
Predictive distribution ~ N(0.12522, 3.55522)

Add data point: ([ 1.         -0.46752608  0.21858063], [2.97372479]):
Posterior mean:
  0.9776897997186809
  0.6427724322206247
  -0.27008547548027084
Posterior variance:
  0.08742950, -0.00425116, -0.11914033
  -0.00425116, 0.12581193, 0.03786048
  -0.11914033, 0.03786048, 0.35514311
Predictive distribution ~ N(0.61814, 3.22815)

Add data point: ([ 1.         -0.871205    0.75899816], [0.38232041]):
Posterior mean:
  0.9777276375046547
  0.638209255054314
  -0.26379051557591915
Posterior variance:
  0.08742935, -0.00423217, -0.11916653
  -0.00423217, 0.12352181, 0.04101973
  -0.11916653, 0.04101973, 0.35078487
Predictive distribution ~ N(0.22150, 3.46648)

Add data point: ([ 1.         -0.78956574  0.62341405], [-0.60432624]):
Posterior mean:
  0.972898867599916
  0.6605319531544199
  -0.28345911722700157
Posterior variance:
  0.08734225, -0.00382952, -0.11952130
  -0.00382952, 0.12166043, 0.04265980
  -0.11952130, 0.04265980, 0.34933980
Predictive distribution ~ N(0.27465, 3.34195)

Add data point: ([ 1.         -0.05250883  0.00275718], [4.45483007]):
Posterior mean:
  1.0722589676719327
  0.6490251542571002
  -0.42108086404058026
Posterior variance:
  0.08487861, -0.00354421, -0.11610897
  -0.00354421, 0.12162739, 0.04226462
  -0.11610897, 0.04226462, 0.34461345
Predictive distribution ~ N(1.03702, 3.25481)

Add data point: ([1.         0.19721011 0.03889183], [-2.34584177]):
Posterior mean:
  0.9809734135357134
  0.6237175476857385
  -0.3129424196199414
Posterior variance:
  0.08281834, -0.00411539, -0.11366834
  -0.00411539, 0.12146904, 0.04294125
  -0.11366834, 0.04294125, 0.34172224
Predictive distribution ~ N(1.09181, 3.23476)

Add data point: ([ 1.         -0.68822779  0.47365749], [1.54340618]):
Posterior mean:
  0.9927199924946393
  0.59883865578829
  -0.3060602315796244
Posterior variance:
  0.08249054, -0.00342111, -0.11386040
  -0.00342111, 0.11999858, 0.04334802
  -0.11386040, 0.04334802, 0.34160972
Predictive distribution ~ N(0.43561, 3.25367)

Add data point: ([1.         0.86909694 0.75532949], [-0.9787755]):
Posterior mean:
  0.9972351792759436
  0.5058095554492945
  -0.4326701299809172
Posterior variance:
  0.08247759, -0.00315427, -0.11349723
  -0.00315427, 0.11450057, 0.03586538
  -0.11349723, 0.03586538, 0.33142606
Predictive distribution ~ N(1.11002, 3.68460)

Add data point: ([1.00000000e+00 2.24743993e-02 5.05098625e-04], [-0.09945431]):
Posterior mean:
  0.9676370156831963
  0.5060118451353763
  -0.39222662918320256
Posterior variance:
  0.08027746, -0.00313923, -0.11049092
  -0.00313923, 0.11450046, 0.03584483
  -0.11049092, 0.03584483, 0.32731819
Predictive distribution ~ N(0.97881, 3.24025)

Add data point: ([ 1.         -0.43688475  0.19086828], [4.04966425]):
Posterior mean:
  1.0343011174149208
  0.4550216199687075
  -0.46232147618352276
Posterior variance:
  0.07908231, -0.00222508, -0.10923427
  -0.00222508, 0.11380125, 0.03488364
  -0.10923427, 0.03488364, 0.32599687
Predictive distribution ~ N(0.74727, 3.20132)

Add data point: ([1.         0.2286244  0.05226912], [2.96317748]):
Posterior mean:
  1.0781243242126037
  0.4704280589430322
  -0.5129742693286365
Posterior variance:
  0.07735537, -0.00283220, -0.10723820
  -0.00283220, 0.11358781, 0.03558538
  -0.10723820, 0.03558538, 0.32368971
Predictive distribution ~ N(1.15886, 3.21757)

Add data point: ([1.         0.43590902 0.19001667], [1.66741687]):
Posterior mean:
  1.0868614833578807
  0.47880469235569667
  -0.5177108532705575
Posterior variance:
  0.07634429, -0.00380157, -0.10669007
  -0.00380157, 0.11265845, 0.03611089
  -0.10669007, 0.03611089, 0.32339256
Predictive distribution ~ N(1.19720, 3.21465)

Add data point: ([ 1.00000000e+00 -4.15612156e-03  1.72733464e-05], [4.36219422]):
Posterior mean:
  1.1682076648748607
  0.4742566523561276
  -0.6315241537665615
Posterior variance:
  0.07444901, -0.00369560, -0.10403834
  -0.00369560, 0.11265252, 0.03596263
  -0.10403834, 0.03596263, 0.31968247
Predictive distribution ~ N(1.16623, 3.22343)

Add data point: ([1.         0.42400946 0.17978403], [-1.90210425]):
Posterior mean:
  1.1124790443311086
  0.4222742638261769
  -0.5993115840420746
Posterior variance:
  0.07349291, -0.00458743, -0.10348569
  -0.00458743, 0.11182064, 0.03647813
  -0.10348569, 0.03647813, 0.31936303
Predictive distribution ~ N(1.18378, 3.20514)

Add data point: ([1.00000000e+00 6.16317505e-03 3.79847267e-05], [1.12422313]):
Posterior mean:
  1.1126980880368031
  0.4222626441885058
  -0.5996194491374844
Posterior variance:
  0.07173706, -0.00449429, -0.10101786
  -0.00449429, 0.11181570, 0.03634722
  -0.10101786, 0.03634722, 0.31589449
Predictive distribution ~ N(1.11528, 3.21503)

Add data point: ([1.         0.3589371  0.12883584], [1.01489514]):
Posterior mean:
  1.1094916165541036
  0.41999863610132115
  -0.5969652452715025
Posterior variance:
  0.07067313, -0.00524550, -0.10013717
  -0.00524550, 0.11128529, 0.03696905
  -0.10013717, 0.03696905, 0.31516550
Predictive distribution ~ N(1.18333, 3.19228)

Add data point: ([1.         0.66189507 0.43810508], [0.95015992]):
Posterior mean:
  1.108171441816761
  0.4152109238309364
  -0.6004966458949001
Posterior variance:
  0.07049793, -0.00588091, -0.10060585
  -0.00588091, 0.10898094, 0.03526937
  -0.10060585, 0.03526937, 0.31391182
Predictive distribution ~ N(1.11992, 3.30904)

Add data point: ([1.         0.35821093 0.12831507], [1.35886466]):
Posterior mean:
  1.1114141640407118
  0.4174133470934587
  -0.6032840878873844
Posterior variance:
  0.06949290, -0.00656351, -0.09974193
  -0.00656351, 0.10851732, 0.03585614
  -0.09974193, 0.03585614, 0.31316919
Predictive distribution ~ N(1.18353, 3.18471)

Add data point: ([ 1.         -0.27266614  0.07434682], [2.28667437]):
Posterior mean:
  1.1391955367179318
  0.4028470389726601
  -0.6407954776865917
Posterior variance:
  0.06816275, -0.00586609, -0.09794592
  -0.00586609, 0.10815165, 0.03491445
  -0.09794592, 0.03491445, 0.31074416
Predictive distribution ~ N(0.98171, 3.19542)

Add data point: ([1.00000000e+00 9.05656306e-03 8.20213344e-05], [0.23387792]):
Posterior mean:
  1.1190203539320163
  0.4042938552701128
  -0.6118801029853134
Posterior variance:
  0.06665110, -0.00575769, -0.09577940
  -0.00575769, 0.10814388, 0.03475909
  -0.09577940, 0.03475909, 0.30763907
Predictive distribution ~ N(1.12263, 3.19962)

Add data point: ([ 1.         -0.72702334  0.52856294], [2.26156967]):
Posterior mean:
  1.1305311928637618
  0.3667010255593838
  -0.588213008688768
Posterior variance:
  0.06651890, -0.00532595, -0.09605120
  -0.00532595, 0.10673389, 0.03564677
  -0.09605120, 0.03564677, 0.30708022
Predictive distribution ~ N(0.55302, 3.26261)

Add data point: ([1.         0.65200195 0.42510655], [0.10675799]):
Posterior mean:
  1.1232700452216973
  0.34074176192058936
  -0.6070838167822266
Posterior variance:
  0.06635964, -0.00589533, -0.09646510
  -0.00589533, 0.10469832, 0.03416703
  -0.09646510, 0.03416703, 0.30600454
Predictive distribution ~ N(1.08736, 3.28621)

Add data point: ([1.         0.82821119 0.68593378], [0.46777078]):
Posterior mean:
  1.124039396703629
  0.32364581356728567
  -0.6303255757298405
Posterior variance:
  0.06635272, -0.00574146, -0.09625593
  -0.00574146, 0.10127926, 0.02951886
  -0.09625593, 0.02951886, 0.29968539
Predictive distribution ~ N(0.95972, 3.50642)

Add data point: ([1.         0.48999102 0.2400912 ], [3.14731349]):
Posterior mean:
  1.1506490288129407
  0.3571942375756205
  -0.6368021262177507
Posterior variance:
  0.06581909, -0.00641424, -0.09612605
  -0.00641424, 0.10043104, 0.02968260
  -0.09612605, 0.02968260, 0.29965378
Predictive distribution ~ N(1.17278, 3.18523)

Add data point: ([ 1.         -0.12328079  0.01519815], [2.18373993]):
Posterior mean:
  1.1737426242266156
  0.35069164587616625
  -0.6705590985804782
Posterior variance:
  0.06443474, -0.00602444, -0.09410247
  -0.00602444, 0.10032129, 0.02911282
  -0.09410247, 0.02911282, 0.29669583
Predictive distribution ~ N(1.12032, 3.19363)

Add data point: ([ 1.         -0.9912627   0.98260174], [3.78877893]):
Posterior mean:
  1.1489312853520626
  0.264237320124949
  -0.4809505787757954
Posterior variance:
  0.06428361, -0.00655103, -0.09294757
  -0.00655103, 0.09848640, 0.03313701
  -0.09294757, 0.03313701, 0.28787010
Predictive distribution ~ N(0.41442, 3.61431)

Add data point: ([1.         0.27331451 0.07470082], [-2.24448704]):
Posterior mean:
  1.086611464349223
  0.23861141705989275
  -0.41096079501660754
Posterior variance:
  0.06327424, -0.00696608, -0.09181397
  -0.00696608, 0.09831573, 0.03360315
  -0.09181397, 0.03360315, 0.28659698
Predictive distribution ~ N(1.12113, 3.16819)

Add data point: ([1.         0.63185389 0.39923933], [-0.42973131]):
Posterior mean:
  1.0757803179217045
  0.20518196056389995
  -0.4323331174815799
Posterior variance:
  0.06311414, -0.00746022, -0.09212989
  -0.00746022, 0.09679063, 0.03262811
  -0.09212989, 0.03262811, 0.28597362
Predictive distribution ~ N(1.03282, 3.24243)

Add data point: ([ 1.         -0.8651199   0.74843244], [2.06504329]):
Posterior mean:
  1.0760733495268362
  0.17337151979325316
  -0.3877085964268402
Posterior variance:
  0.06311402, -0.00744709, -0.09214830
  -0.00744709, 0.09536534, 0.03462754
  -0.09214830, 0.03462754, 0.28316876
Predictive distribution ~ N(0.63591, 3.36965)

Add data point: ([ 1.         -0.03813234  0.00145408], [2.98205903]):
Posterior mean:
  1.1155811803969171
  0.16648135598856661
  -0.4458218905679445
Posterior variance:
  0.06180758, -0.00721924, -0.09022663
  -0.00721924, 0.09532561, 0.03429240
  -0.09022663, 0.03429240, 0.28034211
Predictive distribution ~ N(1.10858, 3.18669)

Add data point: ([ 1.         -0.34165121  0.11672555], [2.02960946]):
Posterior mean:
  1.1335594178288189
  0.15451046359109152
  -0.4689776955975637
Posterior variance:
  0.06086306, -0.00659033, -0.08901009
  -0.00659033, 0.09490684, 0.03348237
  -0.08901009, 0.03348237, 0.27877522
Predictive distribution ~ N(1.02603, 3.17038)

Add data point: ([1.         0.29858971 0.08915581], [0.19299512]):
Posterior mean:
  1.1177903887543335
  0.14685701627653397
  -0.45221885919086385
Posterior variance:
  0.06001261, -0.00700310, -0.08810626
  -0.00700310, 0.09470651, 0.03392104
  -0.08810626, 0.03392104, 0.27781466
Predictive distribution ~ N(1.12132, 3.15773)

Add data point: ([1.         0.80716434 0.65151427], [-2.65925676]):
Posterior mean:
  1.1212693602099246
  0.04218488980496182
  -0.5897458823021937
Posterior variance:
  0.06000967, -0.00691466, -0.08799006
  -0.00691466, 0.09204562, 0.03042494
  -0.08799006, 0.03042494, 0.27322118
Predictive distribution ~ N(0.77109, 3.42641)

Add data point: ([1.         0.13787784 0.0190103 ], [-2.42123311]):
Posterior mean:
  1.054868493142909
  0.03483151207100804
  -0.49879333527894676
Posterior variance:
  0.05893243, -0.00703395, -0.08651451
  -0.00703395, 0.09203241, 0.03058835
  -0.08651451, 0.03058835, 0.27120005
Predictive distribution ~ N(1.05019, 3.16713)

Add data point: ([ 1.         -0.35674509  0.12726706], [0.92006842]):
Posterior mean:
  1.0538963628314508
  0.03552494263646408
  -0.49758062470284986
Posterior variance:
  0.05809999, -0.00644016, -0.08547606
  -0.00644016, 0.09160885, 0.02984761
  -0.08547606, 0.02984761, 0.26990461
Predictive distribution ~ N(0.97790, 3.16278)

Add data point: ([ 1.         -0.3803371   0.14465631], [-0.4091003]):
Posterior mean:
  1.0321617968937544
  0.05219853203410771
  -0.47151579764111223
Posterior variance:
  0.05733972, -0.00585693, -0.08456432
  -0.00585693, 0.09116143, 0.02914817
  -0.08456432, 0.02914817, 0.26881122
Predictive distribution ~ N(0.94410, 3.15880)

Add data point: ([1.00000000e+00 1.08617883e-02 1.17978446e-04], [-0.94651548]):
Posterior mean:
  0.9950885453906669
  0.055346969064491186
  -0.41699559133876335
Posterior variance:
  0.05626704, -0.00576583, -0.08298682
  -0.00576583, 0.09115369, 0.02901421
  -0.08298682, 0.02901421, 0.26649134
Predictive distribution ~ N(0.99564, 3.16840)

Add data point: ([1.         0.85504674 0.73110494], [1.79995722]):
Posterior mean:
  0.9919603479358756
  0.08664112217672852
  -0.3712024455056003
Posterior variance:
  0.05623955, -0.00549086, -0.08258445
  -0.00549086, 0.08840290, 0.02498893
  -0.08258445, 0.02498893, 0.26060111
Predictive distribution ~ N(0.79465, 3.48379)

Add data point: ([1.         0.80582317 0.64935099], [0.07693446]):
Posterior mean:
  0.9923903125380634
  0.06718361617042892
  -0.3965468389847393
Posterior variance:
  0.05623851, -0.00544347, -0.08252273
  -0.00544347, 0.08625853, 0.02219578
  -0.08252273, 0.02219578, 0.25696289
Predictive distribution ~ N(0.78903, 3.38365)

Add data point: ([1.         0.64263383 0.41297824], [0.23470142]):
Posterior mean:
  0.9885207787760509
  0.05491666561236794
  -0.4043980104136721
Posterior variance:
  0.05612517, -0.00580276, -0.08275269
  -0.00580276, 0.08511952, 0.02146679
  -0.08275269, 0.02146679, 0.25649631
Predictive distribution ~ N(0.85680, 3.21183)

Add data point: ([1.         0.35696148 0.1274215 ], [-0.8456353]):
Posterior mean:
  0.9627932468102647
  0.0387638583439385
  -0.3793224619120323
Posterior variance:
  0.05550406, -0.00619272, -0.08214732
  -0.00619272, 0.08487469, 0.02184687
  -0.08214732, 0.02184687, 0.25590628
Predictive distribution ~ N(0.92830, 3.14132)

Add data point: ([ 1.         -0.20813235  0.04331907], [1.07854892]):
Posterior mean:
  0.2666246623025722
  -0.05549321719358669
  0.011549933632920648
Posterior variance:
  0.75279317, 0.05145174, -0.01070877
  0.05145174, 0.98929123, 0.00222884
  -0.01070877, 0.00222884, 0.99953611
Predictive distribution ~ N(0.27867, 5.32542)

Add data point: ([ 1.         -0.42904942  0.18408341], [3.48081654]):
Posterior mean:
  0.859286563325726
  -0.35850880706823307
  0.1517017909619801
Posterior variance:
  0.61732718, 0.12071265, -0.04274358
  0.12071265, 0.95387958, 0.01860757
  -0.04274358, 0.01860757, 0.99196056
Predictive distribution ~ N(1.04103, 5.11283)

Add data point: ([ 1.         -0.85866853  0.73731164], [-1.89887492]):
Posterior mean:
  0.5237118378234789
  0.11798460509528463
  -0.3164597455124189
Posterior variance:
  0.56641211, 0.19300860, -0.11377537
  0.19300860, 0.85122422, 0.11946791
  -0.11377537, 0.11946791, 0.89286384
Predictive distribution ~ N(0.18907, 6.08672)

Add data point: ([1.         0.61434429 0.37741891], [1.70376305]):
Posterior mean:
  0.7103249244897668
  0.3391849455925537
  -0.23025088856125986
Posterior variance:
  0.46876468, 0.07726300, -0.15888514
  0.07726300, 0.71402608, 0.06599740
  -0.15888514, 0.06599740, 0.87202467
Predictive distribution ~ N(0.83180, 5.60422)

Add data point: ([ 1.         -0.18684638  0.03491157], [3.21449767]):
Posterior mean:
  1.0449802960765573
  0.29903200811884795
  -0.335224843603199
Posterior variance:
  0.41045287, 0.08425942, -0.14059402
  0.08425942, 0.71318663, 0.06380278
  -0.14059402, 0.06380278, 0.86628715
Predictive distribution ~ N(0.97740, 4.18281)

Add data point: ([1.         0.08403647 0.00706213], [-0.20032978]):
Posterior mean:
  0.8908854521065991
  0.2455226160599721
  -0.2874603366113424
Posterior variance:
  0.35983526, 0.06668247, -0.12490417
  0.06668247, 0.70708304, 0.06925108
  -0.12490417, 0.06925108, 0.86142380
Predictive distribution ~ N(0.90949, 4.12319)

Add data point: ([1.         0.41219127 0.16990164], [1.49223204]):
Posterior mean:
  0.9478685337953725
  0.303097479954769
  -0.2796782208019416
Posterior variance:
  0.32183509, 0.02828766, -0.13009381
  0.02828766, 0.66828950, 0.06400754
  -0.13009381, 0.06400754, 0.86071505
Predictive distribution ~ N(1.02528, 4.34491)

Add data point: ([ 1.         -0.98549658  0.9712035 ], [0.14400582]):
Posterior mean:
  0.9388737597464456
  0.3335869007198258
  -0.31417165456061974
Posterior variance:
  0.31537951, 0.05017003, -0.15484987
  0.05017003, 0.59411524, 0.14792271
  -0.15484987, 0.14792271, 0.76577976
Predictive distribution ~ N(0.30500, 5.79562)

Add data point: ([1.         0.98147628 0.96329569], [1.67369526]):
Posterior mean:
  0.9715756333900114
  0.4513347401302888
  -0.20367414047218355
Posterior variance:
  0.30545668, 0.01444142, -0.18837849
  0.01444142, 0.46546921, 0.02719806
  -0.18837849, 0.02719806, 0.65248873
Predictive distribution ~ N(1.21835, 6.22848)

Add data point: ([1.         0.76268425 0.58168726], [-0.00052115]):
Posterior mean:
  0.9031906238796332
  0.3239911363614574
  -0.2737170569504968
Posterior variance:
  0.29364515, -0.00755350, -0.20047637
  -0.00755350, 0.42451123, 0.00466990
  -0.20047637, 0.00466990, 0.64009755
Predictive distribution ~ N(0.99108, 4.54966)

Add data point: ([1.00000000e+00 2.46474454e-02 6.07496566e-04], [-1.42716262]):
Posterior mean:
  0.6949267094358229
  0.3219233452767167
  -0.13174038289115872
Posterior variance:
  0.26751724, -0.00781291, -0.18266458
  -0.00781291, 0.42450865, 0.00484675
  -0.18266458, 0.00484675, 0.62795498
Predictive distribution ~ N(0.70278, 3.80151)

Add data point: ([1.         0.85423597 0.72971909], [2.25934745]):
Posterior mean:
  0.7435076911666231
  0.45841334580299387
  -0.02520582206631009
Posterior variance:
  0.26304505, -0.02037770, -0.19247178
  -0.02037770, 0.38920744, -0.02270691
  -0.19247178, -0.02270691, 0.60644852
Predictive distribution ~ N(1.11671, 4.57788)

Add data point: ([ 1.         -0.83509929  0.69739082], [1.60935128]):
Posterior mean:
  0.7944987828987456
  0.332105497391838
  0.06200487291896233
Posterior variance:
  0.25717236, -0.00583070, -0.20251592
  -0.00583070, 0.35317369, 0.00217300
  -0.20251592, 0.00217300, 0.58926990
Predictive distribution ~ N(0.56040, 4.54442)

Add data point: ([1.         0.45946823 0.21111105], [0.09167582]):
Posterior mean:
  0.7382189510467911
  0.2904019271921452
  0.08250209372475169
Posterior variance:
  0.24345143, -0.01599796, -0.19751873
  -0.01599796, 0.34563971, 0.00587594
  -0.19751873, 0.00587594, 0.58744991
Predictive distribution ~ N(0.88907, 3.73693)

Add data point: ([ 1.         -0.50142174  0.25142376], [0.02145828]):
Posterior mean:
  0.7018313505710665
  0.32426880685474024
  0.09201605978502424
Posterior variance:
  0.23104462, -0.00445062, -0.19427482
  -0.00445062, 0.33489231, 0.00285675
  -0.19427482, 0.00285675, 0.58660176
Predictive distribution ~ N(0.56237, 3.77513)

Add data point: ([ 1.         -0.34092519  0.11622999], [-1.78053204]):
Posterior mean:
  0.5472104879497783
  0.4113735784689704
  0.18558326319915697
Posterior variance:
  0.21741717, 0.00322633, -0.18602831
  0.00322633, 0.33056755, -0.00178887
  -0.18602831, -0.00178887, 0.58161147
Predictive distribution ~ N(0.42853, 3.65518)

Add data point: ([ 1.         -0.82290182  0.6771674 ], [1.54653227]):
Posterior mean:
  0.5783827068957076
  0.3165790135215898
  0.2590611921529435
Posterior variance:
  0.21513384, 0.01016990, -0.19141047
  0.01016990, 0.30945217, 0.01457825
  -0.19141047, 0.01457825, 0.56892485
Predictive distribution ~ N(0.49330, 4.18005)

Add data point: ([ 1.         -0.07460596  0.00556605], [1.4718502]):
Posterior mean:
  0.6391678992215588
  0.3129212592588698
  0.20510890018779215
Posterior variance:
  0.20097324, 0.01102202, -0.17884167
  0.01102202, 0.30940089, 0.01382192
  -0.17884167, 0.01382192, 0.55776892
Predictive distribution ~ N(0.61696, 3.59720)

Add data point: ([ 1.         -0.1871249   0.03501573], [0.36961987]):
Posterior mean:
  0.6260153671848231
  0.31608844718404205
  0.21616199017847787
Posterior variance:
  0.18935954, 0.01381865, -0.16908179
  0.01381865, 0.30872745, 0.01147170
  -0.16908179, 0.01147170, 0.54956693
Predictive distribution ~ N(0.57444, 3.55104)

Add data point: ([1.         0.74397576 0.55349992], [0.76475024]):
Posterior mean:
  0.6192184857093161
  0.3000755163243105
  0.20695634298815113
Posterior variance:
  0.18602348, 0.00595914, -0.17360013
  0.00595914, 0.29021104, 0.00082683
  -0.17360013, 0.00082683, 0.54344732
Predictive distribution ~ N(0.95702, 3.99156)

Add data point: ([1.         0.41317278 0.17071175], [1.57714592]):
